=== 장 마감 후 분봉 데이터 덤프 ===
저장 시간: 2025-12-18 15:30:13
종목 수: 2
================================================================================

[234080] 분봉 데이터: 389건
--------------------------------------------------------------------------------
         date    time    close     open     high      low  volume       amount            datetime
0    20251218  090000  14430.0  14410.0  14600.0  14410.0   287.0    4139500.0 2025-12-18 09:00:00
1    20251218  090100  14440.0  14450.0  14450.0  14410.0   181.0    6752760.0 2025-12-18 09:01:00
2    20251218  090200  14490.0  14410.0  14490.0  14400.0   742.0   17448840.0 2025-12-18 09:02:00
3    20251218  090300  14490.0  14490.0  14490.0  14490.0    99.0   18883350.0 2025-12-18 09:03:00
4    20251218  090400  14680.0  14490.0  14680.0  14490.0  1579.0   41836900.0 2025-12-18 09:04:00
5    20251218  090500  14680.0  14680.0  14680.0  14650.0   291.0   46101280.0 2025-12-18 09:05:00
6    20251218  090600  14730.0  14640.0  14730.0  14630.0   952.0   60065650.0 2025-12-18 09:06:00
7    20251218  090700  14660.0  14730.0  14740.0  14660.0   445.0   66615810.0 2025-12-18 09:07:00
8    20251218  090800  14710.0  14700.0  14720.0  14690.0   520.0   74260090.0 2025-12-18 09:08:00
9    20251218  090900  14700.0  14680.0  14700.0  14660.0   144.0   76371720.0 2025-12-18 09:09:00
10   20251218  091000  14670.0  14650.0  14670.0  14650.0   204.0   79364280.0 2025-12-18 09:10:00
11   20251218  091100  14690.0  14650.0  14700.0  14650.0   139.0   81403670.0 2025-12-18 09:11:00
12   20251218  091200  14690.0  14690.0  14690.0  14690.0    82.0   82608250.0 2025-12-18 09:12:00
13   20251218  091300  14670.0  14670.0  14670.0  14670.0     3.0   82652260.0 2025-12-18 09:13:00
14   20251218  091400  14690.0  14670.0  14690.0  14670.0   689.0   92772620.0 2025-12-18 09:14:00
15   20251218  091500  14690.0  14690.0  14730.0  14690.0  7434.0  201999150.0 2025-12-18 09:15:00
16   20251218  091600  14790.0  14720.0  14790.0  14690.0  2336.0  236482080.0 2025-12-18 09:16:00
17   20251218  091700  14770.0  14770.0  14790.0  14750.0   380.0  242095670.0 2025-12-18 09:17:00
18   20251218  091800  14790.0  14770.0  14790.0  14770.0   105.0  243646620.0 2025-12-18 09:18:00
19   20251218  091900  14770.0  14770.0  14770.0  14770.0    11.0  243809090.0 2025-12-18 09:19:00
20   20251218  092000  14760.0  14770.0  14770.0  14760.0   111.0  245447820.0 2025-12-18 09:20:00
21   20251218  092100  14830.0  14760.0  14830.0  14760.0  1648.0  269818250.0 2025-12-18 09:21:00
22   20251218  092200  14830.0  14840.0  14840.0  14830.0   109.0  271434780.0 2025-12-18 09:22:00
23   20251218  092300  14890.0  14810.0  14890.0  14690.0  8526.0  397192240.0 2025-12-18 09:23:00
24   20251218  092400  14840.0  14850.0  14850.0  14830.0   217.0  400412230.0 2025-12-18 09:24:00
25   20251218  092500  14840.0  14840.0  14840.0  14840.0    13.0  400605150.0 2025-12-18 09:25:00
26   20251218  092600  14830.0  14830.0  14830.0  14830.0     8.0  400723790.0 2025-12-18 09:26:00
27   20251218  092700  14830.0  14840.0  14850.0  14830.0   387.0  406465110.0 2025-12-18 09:27:00
28   20251218  092800  14810.0  14830.0  14830.0  14800.0   529.0  414297650.0 2025-12-18 09:28:00
29   20251218  092900  14830.0  14790.0  14830.0  14770.0  2182.0  446532730.0 2025-12-18 09:29:00
30   20251218  093000  14800.0  14830.0  14830.0  14800.0   136.0  448548560.0 2025-12-18 09:30:00
31   20251218  093100  14820.0  14800.0  14830.0  14800.0   766.0  459887440.0 2025-12-18 09:31:00
32   20251218  093200  14830.0  14800.0  14830.0  14800.0   105.0  461442340.0 2025-12-18 09:32:00
33   20251218  093300  14810.0  14810.0  14810.0  14810.0     5.0  461516390.0 2025-12-18 09:33:00
34   20251218  093400  14820.0  14810.0  14830.0  14800.0   577.0  470057650.0 2025-12-18 09:34:00
35   20251218  093500  14820.0  14820.0  14820.0  14810.0    15.0  470279940.0 2025-12-18 09:35:00
36   20251218  093600  14820.0  14820.0  14820.0  14820.0    43.0  470917200.0 2025-12-18 09:36:00
37   20251218  093700  14830.0  14820.0  14830.0  14800.0  1040.0  486310330.0 2025-12-18 09:37:00
38   20251218  093800  14800.0  14800.0  14800.0  14800.0   198.0  489240730.0 2025-12-18 09:38:00
39   20251218  093900  14790.0  14800.0  14800.0  14790.0    73.0  490320530.0 2025-12-18 09:39:00
40   20251218  094000  14790.0  14790.0  14800.0  14790.0   530.0  498159520.0 2025-12-18 09:40:00
41   20251218  094100  14770.0  14790.0  14790.0  14770.0   226.0  501498940.0 2025-12-18 09:41:00
42   20251218  094200  14770.0  14790.0  14790.0  14760.0  1176.0  518890970.0 2025-12-18 09:42:00
43   20251218  094300  14770.0  14770.0  14770.0  14770.0     0.0  518890970.0 2025-12-18 09:43:00
44   20251218  094400  14750.0  14750.0  14750.0  14750.0     0.0  519141720.0 2025-12-18 09:44:00
45   20251218  094500  14750.0  14750.0  14750.0  14750.0     0.0  519141720.0 2025-12-18 09:45:00
46   20251218  094600  14780.0  14760.0  14780.0  14750.0   301.0  523581650.0 2025-12-18 09:46:00
47   20251218  094700  14780.0  14780.0  14780.0  14780.0     0.0  523581650.0 2025-12-18 09:47:00
48   20251218  094800  14760.0  14770.0  14770.0  14760.0    17.0  523832730.0 2025-12-18 09:48:00
49   20251218  094900  14760.0  14760.0  14770.0  14760.0    20.0  524127940.0 2025-12-18 09:49:00
50   20251218  095000  14760.0  14760.0  14760.0  14760.0     0.0  524127940.0 2025-12-18 09:50:00
51   20251218  095100  14760.0  14760.0  14760.0  14760.0     0.0  524127940.0 2025-12-18 09:51:00
52   20251218  095200  14760.0  14760.0  14760.0  14760.0     0.0  524127940.0 2025-12-18 09:52:00
53   20251218  095300  14760.0  14760.0  14760.0  14760.0     0.0  524364100.0 2025-12-18 09:53:00
54   20251218  095400  14760.0  14760.0  14760.0  14760.0   100.0  525840100.0 2025-12-18 09:54:00
55   20251218  095500  14750.0  14760.0  14760.0  14750.0   301.0  530282850.0 2025-12-18 09:55:00
56   20251218  095600  14750.0  14750.0  14750.0  14750.0    35.0  530799100.0 2025-12-18 09:56:00
57   20251218  095700  14750.0  14750.0  14750.0  14750.0   258.0  534604600.0 2025-12-18 09:57:00
58   20251218  095800  14750.0  14750.0  14750.0  14740.0   659.0  544324660.0 2025-12-18 09:58:00
59   20251218  095900  14750.0  14750.0  14750.0  14750.0    20.0  544619660.0 2025-12-18 09:59:00
60   20251218  100000  14750.0  14750.0  14750.0  14750.0    31.0  545076910.0 2025-12-18 10:00:00
61   20251218  100100  14740.0  14750.0  14750.0  14740.0   408.0  551094700.0 2025-12-18 10:01:00
62   20251218  100200  14740.0  14730.0  14740.0  14730.0    30.0  551536800.0 2025-12-18 10:02:00
63   20251218  100300  14740.0  14740.0  14740.0  14740.0     0.0  551536800.0 2025-12-18 10:03:00
64   20251218  100400  14750.0  14740.0  14760.0  14740.0   514.0  559113670.0 2025-12-18 10:04:00
65   20251218  100500  14730.0  14730.0  14730.0  14730.0     2.0  559143130.0 2025-12-18 10:05:00
66   20251218  100600  14730.0  14730.0  14730.0  14730.0     1.0  559157860.0 2025-12-18 10:06:00
67   20251218  100700  14730.0  14730.0  14730.0  14730.0     2.0  559187320.0 2025-12-18 10:07:00
68   20251218  100800  14750.0  14730.0  14750.0  14730.0    60.0  560071600.0 2025-12-18 10:08:00
69   20251218  100900  14730.0  14730.0  14730.0  14730.0     8.0  560189440.0 2025-12-18 10:09:00
70   20251218  101000  14730.0  14730.0  14730.0  14730.0   200.0  563135440.0 2025-12-18 10:10:00
71   20251218  101100  14730.0  14730.0  14730.0  14730.0     0.0  563135440.0 2025-12-18 10:11:00
72   20251218  101200  14750.0  14750.0  14750.0  14750.0    71.0  564182690.0 2025-12-18 10:12:00
73   20251218  101300  14750.0  14750.0  14750.0  14750.0     1.0  564197440.0 2025-12-18 10:13:00
74   20251218  101400  14730.0  14740.0  14740.0  14730.0    10.0  564344750.0 2025-12-18 10:14:00
75   20251218  101500  14730.0  14730.0  14730.0  14730.0    10.0  564492050.0 2025-12-18 10:15:00
76   20251218  101600  14750.0  14750.0  14750.0  14750.0     5.0  564565800.0 2025-12-18 10:16:00
77   20251218  101700  14750.0  14750.0  14750.0  14750.0    45.0  565229550.0 2025-12-18 10:17:00
78   20251218  101800  14730.0  14750.0  14750.0  14730.0   414.0  571327790.0 2025-12-18 10:18:00
79   20251218  101900  14730.0  14730.0  14730.0  14730.0     5.0  571401440.0 2025-12-18 10:19:00
80   20251218  102000  14730.0  14730.0  14730.0  14730.0     0.0  571401440.0 2025-12-18 10:20:00
81   20251218  102100  14720.0  14730.0  14730.0  14720.0    19.0  571681250.0 2025-12-18 10:21:00
82   20251218  102200  14720.0  14720.0  14720.0  14720.0     0.0  571681250.0 2025-12-18 10:22:00
83   20251218  102300  14700.0  14720.0  14720.0  14700.0  1050.0  587126610.0 2025-12-18 10:23:00
84   20251218  102400  14700.0  14700.0  14700.0  14700.0     2.0  587156010.0 2025-12-18 10:24:00
85   20251218  102500  14740.0  14700.0  14740.0  14300.0  4984.0  659848970.0 2025-12-18 10:25:00
86   20251218  102600  14610.0  14610.0  14610.0  14610.0     1.0  659863580.0 2025-12-18 10:26:00
87   20251218  102700  14610.0  14610.0  14610.0  14610.0     0.0  659863580.0 2025-12-18 10:27:00
88   20251218  102800  14610.0  14610.0  14610.0  14610.0     0.0  659936630.0 2025-12-18 10:28:00
89   20251218  102900  14640.0  14640.0  14640.0  14640.0     2.0  659965910.0 2025-12-18 10:29:00
90   20251218  103000  14680.0  14680.0  14680.0  14680.0     1.0  659980590.0 2025-12-18 10:30:00
91   20251218  103100  14690.0  14690.0  14690.0  14680.0     8.0  660098100.0 2025-12-18 10:31:00
92   20251218  103200  14710.0  14690.0  14710.0  14690.0   367.0  665489440.0 2025-12-18 10:32:00
93   20251218  103300  14690.0  14690.0  14690.0  14690.0   161.0  667854530.0 2025-12-18 10:33:00
94   20251218  103400  14680.0  14690.0  14690.0  14680.0   342.0  672875180.0 2025-12-18 10:34:00
95   20251218  103500  14700.0  14690.0  14720.0  14690.0    85.0  674125080.0 2025-12-18 10:35:00
96   20251218  103600  14710.0  14700.0  14710.0  14700.0    44.0  674772280.0 2025-12-18 10:36:00
97   20251218  103700  14710.0  14710.0  14710.0  14710.0     0.0  674772280.0 2025-12-18 10:37:00
98   20251218  103800  14710.0  14710.0  14710.0  14710.0    10.0  674919380.0 2025-12-18 10:38:00
99   20251218  103900  14710.0  14710.0  14710.0  14710.0     0.0  674919380.0 2025-12-18 10:39:00
100  20251218  104000  14710.0  14710.0  14710.0  14710.0     5.0  674992930.0 2025-12-18 10:40:00
101  20251218  104100  14710.0  14710.0  14710.0  14710.0     0.0  674992930.0 2025-12-18 10:41:00
102  20251218  104200  14740.0  14710.0  14740.0  14710.0   464.0  681826090.0 2025-12-18 10:42:00
103  20251218  104300  14740.0  14740.0  14740.0  14740.0    21.0  682135630.0 2025-12-18 10:43:00
104  20251218  104400  14730.0  14740.0  14740.0  14730.0    45.0  682798680.0 2025-12-18 10:44:00
105  20251218  104500  14730.0  14730.0  14730.0  14730.0    10.0  682945980.0 2025-12-18 10:45:00
106  20251218  104600  14710.0  14730.0  14730.0  14710.0    72.0  684006500.0 2025-12-18 10:46:00
107  20251218  104700  14710.0  14710.0  14710.0  14710.0     0.0  684006500.0 2025-12-18 10:47:00
108  20251218  104800  14740.0  14740.0  14740.0  14740.0     0.0  687129630.0 2025-12-18 10:48:00
109  20251218  104900  14760.0  14725.0  14760.0  14710.0   546.0  695183755.0 2025-12-18 10:49:00
110  20251218  105000  14770.0  14770.0  14770.0  14770.0   100.0  696660755.0 2025-12-18 10:50:00
111  20251218  105100  14770.0  14770.0  14770.0  14770.0    31.0  697118625.0 2025-12-18 10:51:00
112  20251218  105200  14770.0  14770.0  14770.0  14770.0   275.0  701180375.0 2025-12-18 10:52:00
113  20251218  105300  14770.0  14770.0  14770.0  14770.0     0.0  701180375.0 2025-12-18 10:53:00
114  20251218  105400  14770.0  14770.0  14770.0  14770.0     0.0  701180375.0 2025-12-18 10:54:00
115  20251218  105500  14770.0  14770.0  14770.0  14770.0     0.0  701180375.0 2025-12-18 10:55:00
116  20251218  105600  14770.0  14770.0  14770.0  14770.0     0.0  701372385.0 2025-12-18 10:56:00
117  20251218  105700  14770.0  14770.0  14770.0  14770.0     0.0  701372385.0 2025-12-18 10:57:00
118  20251218  105800  14760.0  14760.0  14760.0  14760.0    91.0  702715545.0 2025-12-18 10:58:00
119  20251218  105900  14760.0  14760.0  14760.0  14760.0    17.0  702966465.0 2025-12-18 10:59:00
120  20251218  110000  14750.0  14750.0  14750.0  14750.0    42.0  703585965.0 2025-12-18 11:00:00
121  20251218  110100  14740.0  14740.0  14740.0  14740.0     1.0  703600705.0 2025-12-18 11:01:00
122  20251218  110200  14750.0  14730.0  14750.0  14730.0     9.0  703733395.0 2025-12-18 11:02:00
123  20251218  110300  14720.0  14730.0  14730.0  14720.0   344.0  708797545.0 2025-12-18 11:03:00
124  20251218  110400  14740.0  14740.0  14740.0  14740.0    15.0  709018645.0 2025-12-18 11:04:00
125  20251218  110500  14750.0  14740.0  14750.0  14720.0    46.0  709696625.0 2025-12-18 11:05:00
126  20251218  110600  14720.0  14720.0  14720.0  14720.0   202.0  712670065.0 2025-12-18 11:06:00
127  20251218  110700  14720.0  14720.0  14730.0  14720.0    59.0  713539005.0 2025-12-18 11:07:00
128  20251218  110800  14720.0  14720.0  14730.0  14720.0    32.0  714010245.0 2025-12-18 11:08:00
129  20251218  110900  14720.0  14720.0  14720.0  14720.0     0.0  714010245.0 2025-12-18 11:09:00
130  20251218  111000  14720.0  14720.0  14720.0  14720.0     5.0  714083845.0 2025-12-18 11:10:00
131  20251218  111100  14720.0  14720.0  14720.0  14720.0     0.0  714083845.0 2025-12-18 11:11:00
132  20251218  111200  14720.0  14720.0  14720.0  14720.0     0.0  714083845.0 2025-12-18 11:12:00
133  20251218  111300  14720.0  14720.0  14720.0  14720.0     0.0  714083845.0 2025-12-18 11:13:00
134  20251218  111400  14710.0  14710.0  14710.0  14710.0     0.0  716041205.0 2025-12-18 11:14:00
135  20251218  111500  14710.0  14710.0  14710.0  14710.0     0.0  716041205.0 2025-12-18 11:15:00
136  20251218  111600  14730.0  14710.0  14730.0  14710.0   321.0  720767965.0 2025-12-18 11:16:00
137  20251218  111700  14750.0  14730.0  14750.0  14730.0   232.0  724189865.0 2025-12-18 11:17:00
138  20251218  111800  14740.0  14740.0  14740.0  14740.0    34.0  724691025.0 2025-12-18 11:18:00
139  20251218  111900  14720.0  14740.0  14740.0  14720.0   277.0  728769415.0 2025-12-18 11:19:00
140  20251218  112000  14730.0  14720.0  14730.0  14720.0    41.0  729372945.0 2025-12-18 11:20:00
141  20251218  112100  14730.0  14730.0  14730.0  14730.0    18.0  729638085.0 2025-12-18 11:21:00
142  20251218  112200  14730.0  14730.0  14730.0  14730.0     0.0  729638085.0 2025-12-18 11:22:00
143  20251218  112300  14730.0  14730.0  14730.0  14730.0     0.0  729638085.0 2025-12-18 11:23:00
144  20251218  112400  14720.0  14720.0  14720.0  14720.0     0.0  730609605.0 2025-12-18 11:24:00
145  20251218  112500  14720.0  14720.0  14720.0  14720.0    96.0  732022725.0 2025-12-18 11:25:00
146  20251218  112600  14720.0  14720.0  14720.0  14720.0   200.0  734966725.0 2025-12-18 11:26:00
147  20251218  112700  14730.0  14720.0  14730.0  14720.0   130.0  736880625.0 2025-12-18 11:27:00
148  20251218  112800  14730.0  14730.0  14730.0  14730.0     0.0  736880625.0 2025-12-18 11:28:00
149  20251218  112900  14730.0  14720.0  14730.0  14720.0   235.0  740340175.0 2025-12-18 11:29:00
150  20251218  113000  14730.0  14730.0  14730.0  14730.0     5.0  740413825.0 2025-12-18 11:30:00
151  20251218  113100  14720.0  14730.0  14730.0  14720.0   101.0  741901320.0 2025-12-18 11:31:00
152  20251218  113200  14720.0  14720.0  14720.0  14720.0     2.0  741930760.0 2025-12-18 11:32:00
153  20251218  113300  14720.0  14720.0  14720.0  14720.0    64.0  742872840.0 2025-12-18 11:33:00
154  20251218  113400  14710.0  14720.0  14720.0  14710.0   284.0  747052590.0 2025-12-18 11:34:00
155  20251218  113500  14710.0  14710.0  14710.0  14710.0     0.0  747052590.0 2025-12-18 11:35:00
156  20251218  113600  14700.0  14700.0  14700.0  14700.0     1.0  747067290.0 2025-12-18 11:36:00
157  20251218  113700  14710.0  14710.0  14710.0  14710.0     1.0  747082000.0 2025-12-18 11:37:00
158  20251218  113800  14700.0  14710.0  14710.0  14700.0   108.0  748670610.0 2025-12-18 11:38:00
159  20251218  113900  14710.0  14700.0  14720.0  14700.0   401.0  754570230.0 2025-12-18 11:39:00
160  20251218  114000  14710.0  14700.0  14710.0  14700.0     2.0  754599640.0 2025-12-18 11:40:00
161  20251218  114100  14730.0  14710.0  14730.0  14710.0    13.0  754791110.0 2025-12-18 11:41:00
162  20251218  114200  14730.0  14730.0  14730.0  14730.0    68.0  755792750.0 2025-12-18 11:42:00
163  20251218  114300  14730.0  14730.0  14730.0  14730.0     0.0  755792750.0 2025-12-18 11:43:00
164  20251218  114400  14730.0  14730.0  14730.0  14730.0     0.0  755792750.0 2025-12-18 11:44:00
165  20251218  114500  14700.0  14700.0  14700.0  14700.0     0.0  764633430.0 2025-12-18 11:45:00
166  20251218  114600  14700.0  14700.0  14700.0  14700.0     0.0  764633430.0 2025-12-18 11:46:00
167  20251218  114700  14700.0  14700.0  14700.0  14700.0     0.0  765265530.0 2025-12-18 11:47:00
168  20251218  114800  14700.0  14700.0  14700.0  14700.0     0.0  765265530.0 2025-12-18 11:48:00
169  20251218  114900  14700.0  14700.0  14700.0  14700.0     1.0  765280230.0 2025-12-18 11:49:00
170  20251218  115000  14700.0  14700.0  14700.0  14700.0   460.0  772042230.0 2025-12-18 11:50:00
171  20251218  115100  14700.0  14700.0  14700.0  14700.0     0.0  772042230.0 2025-12-18 11:51:00
172  20251218  115200  14700.0  14700.0  14700.0  14700.0     0.0  772042230.0 2025-12-18 11:52:00
173  20251218  115300  14690.0  14690.0  14690.0  14690.0     0.0  773099910.0 2025-12-18 11:53:00
174  20251218  115400  14690.0  14690.0  14690.0  14690.0     0.0  773099910.0 2025-12-18 11:54:00
175  20251218  115500  14700.0  14700.0  14700.0  14690.0   352.0  778274110.0 2025-12-18 11:55:00
176  20251218  115600  14690.0  14690.0  14690.0  14690.0    30.0  778714810.0 2025-12-18 11:56:00
177  20251218  115700  14690.0  14690.0  14690.0  14690.0     0.0  778714810.0 2025-12-18 11:57:00
178  20251218  115800  14690.0  14690.0  14690.0  14690.0     0.0  778714810.0 2025-12-18 11:58:00
179  20251218  115900  14690.0  14690.0  14690.0  14690.0     0.0  778744190.0 2025-12-18 11:59:00
180  20251218  120000  14690.0  14690.0  14690.0  14690.0    36.0  779273030.0 2025-12-18 12:00:00
181  20251218  120100  14690.0  14690.0  14690.0  14690.0    10.0  779419930.0 2025-12-18 12:01:00
182  20251218  120200  14690.0  14690.0  14690.0  14690.0     0.0  779419930.0 2025-12-18 12:02:00
183  20251218  120300  14690.0  14690.0  14690.0  14690.0     2.0  779449310.0 2025-12-18 12:03:00
184  20251218  120400  14690.0  14690.0  14690.0  14690.0   213.0  782578280.0 2025-12-18 12:04:00
185  20251218  120500  14670.0  14680.0  14680.0  14670.0    88.0  783869420.0 2025-12-18 12:05:00
186  20251218  120600  14670.0  14670.0  14670.0  14670.0    84.0  785101700.0 2025-12-18 12:06:00
187  20251218  120700  14670.0  14670.0  14670.0  14670.0   173.0  787639610.0 2025-12-18 12:07:00
188  20251218  120800  14670.0  14670.0  14670.0  14670.0     0.0  787639610.0 2025-12-18 12:08:00
189  20251218  120900  14670.0  14670.0  14670.0  14670.0     0.0  787639610.0 2025-12-18 12:09:00
190  20251218  121000  14660.0  14660.0  14660.0  14660.0     0.0  788343290.0 2025-12-18 12:10:00
191  20251218  121100  14650.0  14650.0  14650.0  14650.0    25.0  788709540.0 2025-12-18 12:11:00
192  20251218  121200  14660.0  14640.0  14660.0  14640.0   420.0  794866210.0 2025-12-18 12:12:00
193  20251218  121300  14670.0  14670.0  14670.0  14670.0    50.0  795599710.0 2025-12-18 12:13:00
194  20251218  121400  14670.0  14670.0  14670.0  14670.0     0.0  795599710.0 2025-12-18 12:14:00
195  20251218  121500  14670.0  14670.0  14670.0  14670.0     0.0  795599710.0 2025-12-18 12:15:00
196  20251218  121600  14690.0  14690.0  14690.0  14690.0     0.0  795643780.0 2025-12-18 12:16:00
197  20251218  121700  14690.0  14690.0  14690.0  14690.0     0.0  795643780.0 2025-12-18 12:17:00
198  20251218  121800  14640.0  14660.0  14660.0  14640.0   596.0  804371310.0 2025-12-18 12:18:00
199  20251218  121900  14650.0  14650.0  14650.0  14650.0   450.0  810963810.0 2025-12-18 12:19:00
200  20251218  122000  14690.0  14680.0  14690.0  14680.0   108.0  812550210.0 2025-12-18 12:20:00
201  20251218  122100  14690.0  14690.0  14690.0  14690.0   142.0  814636190.0 2025-12-18 12:21:00
202  20251218  122200  14690.0  14690.0  14690.0  14690.0     1.0  814650880.0 2025-12-18 12:22:00
203  20251218  122300  14690.0  14690.0  14690.0  14690.0     0.0  814650880.0 2025-12-18 12:23:00
204  20251218  122400  14690.0  14690.0  14690.0  14690.0     2.0  814680260.0 2025-12-18 12:24:00
205  20251218  122500  14690.0  14690.0  14690.0  14690.0     0.0  814680260.0 2025-12-18 12:25:00
206  20251218  122600  14650.0  14670.0  14670.0  14650.0   122.0  816467670.0 2025-12-18 12:26:00
207  20251218  122700  14650.0  14650.0  14650.0  14650.0     0.0  816467670.0 2025-12-18 12:27:00
208  20251218  122800  14650.0  14650.0  14650.0  14650.0     0.0  816467670.0 2025-12-18 12:28:00
209  20251218  122900  14650.0  14650.0  14650.0  14650.0     0.0  816570220.0 2025-12-18 12:29:00
210  20251218  123000  14650.0  14650.0  14650.0  14650.0     0.0  816570220.0 2025-12-18 12:30:00
211  20251218  123100  14650.0  14650.0  14650.0  14650.0     0.0  816643470.0 2025-12-18 12:31:00
212  20251218  123200  14690.0  14690.0  14690.0  14690.0    29.0  817069480.0 2025-12-18 12:32:00
213  20251218  123300  14660.0  14660.0  14660.0  14660.0   119.0  818814020.0 2025-12-18 12:33:00
214  20251218  123400  14660.0  14660.0  14660.0  14660.0     0.0  818814020.0 2025-12-18 12:34:00
215  20251218  123500  14660.0  14660.0  14660.0  14660.0     0.0  818814020.0 2025-12-18 12:35:00
216  20251218  123600  14660.0  14660.0  14660.0  14660.0     0.0  818814020.0 2025-12-18 12:36:00
217  20251218  123700  14660.0  14660.0  14660.0  14660.0     0.0  818814020.0 2025-12-18 12:37:00
218  20251218  123800  14700.0  14700.0  14700.0  14700.0     0.0  826192940.0 2025-12-18 12:38:00
219  20251218  123900  14700.0  14700.0  14700.0  14700.0     0.0  826192940.0 2025-12-18 12:39:00
220  20251218  124000  14700.0  14700.0  14700.0  14700.0     0.0  826192940.0 2025-12-18 12:40:00
221  20251218  124100  14670.0  14670.0  14670.0  14670.0     0.0  826222280.0 2025-12-18 12:41:00
222  20251218  124200  14670.0  14670.0  14670.0  14670.0     0.0  826222280.0 2025-12-18 12:42:00
223  20251218  124300  14670.0  14670.0  14670.0  14670.0     2.0  826251620.0 2025-12-18 12:43:00
224  20251218  124400  14670.0  14670.0  14680.0  14670.0   293.0  830551940.0 2025-12-18 12:44:00
225  20251218  124500  14670.0  14670.0  14670.0  14670.0   332.0  835422380.0 2025-12-18 12:45:00
226  20251218  124600  14670.0  14670.0  14670.0  14670.0     0.0  835422380.0 2025-12-18 12:46:00
227  20251218  124700  14660.0  14660.0  14660.0  14660.0     6.0  835510340.0 2025-12-18 12:47:00
228  20251218  124800  14690.0  14690.0  14690.0  14690.0    10.0  835657240.0 2025-12-18 12:48:00
229  20251218  124900  14670.0  14660.0  14670.0  14660.0    51.0  836405400.0 2025-12-18 12:49:00
230  20251218  125000  14670.0  14670.0  14670.0  14670.0     0.0  836405400.0 2025-12-18 12:50:00
231  20251218  125100  14650.0  14650.0  14650.0  14650.0     0.0  858388910.0 2025-12-18 12:51:00
232  20251218  125200  14650.0  14650.0  14650.0  14650.0     0.0  858388910.0 2025-12-18 12:52:00
233  20251218  125300  14650.0  14650.0  14650.0  14650.0     0.0  858388910.0 2025-12-18 12:53:00
234  20251218  125400  14650.0  14650.0  14650.0  14650.0     0.0  858388910.0 2025-12-18 12:54:00
235  20251218  125500  14650.0  14650.0  14650.0  14650.0     0.0  858388910.0 2025-12-18 12:55:00
236  20251218  125600  14640.0  14640.0  14640.0  14640.0     0.0  858681710.0 2025-12-18 12:56:00
237  20251218  125700  14640.0  14640.0  14640.0  14640.0     0.0  858681710.0 2025-12-18 12:57:00
238  20251218  125800  14640.0  14640.0  14640.0  14640.0     0.0  858681710.0 2025-12-18 12:58:00
239  20251218  125900  14640.0  14640.0  14640.0  14640.0     0.0  858681710.0 2025-12-18 12:59:00
240  20251218  130000  14640.0  14640.0  14640.0  14640.0     0.0  861141230.0 2025-12-18 13:00:00
241  20251218  130100  14640.0  14640.0  14640.0  14640.0    10.0  861287630.0 2025-12-18 13:01:00
242  20251218  130200  14640.0  14640.0  14640.0  14640.0    55.0  862092830.0 2025-12-18 13:02:00
243  20251218  130300  14640.0  14640.0  14640.0  14640.0     1.0  862107470.0 2025-12-18 13:03:00
244  20251218  130400  14640.0  14640.0  14640.0  14640.0     1.0  862122110.0 2025-12-18 13:04:00
245  20251218  130500  14640.0  14640.0  14640.0  14640.0     0.0  862122110.0 2025-12-18 13:05:00
246  20251218  130600  14640.0  14640.0  14640.0  14640.0     0.0  864479150.0 2025-12-18 13:06:00
247  20251218  130700  14640.0  14640.0  14640.0  14640.0     0.0  864479150.0 2025-12-18 13:07:00
248  20251218  130800  14650.0  14640.0  14650.0  14630.0   102.0  865972140.0 2025-12-18 13:08:00
249  20251218  130900  14650.0  14650.0  14650.0  14650.0     0.0  865972140.0 2025-12-18 13:09:00
250  20251218  131000  14650.0  14650.0  14650.0  14650.0   500.0  873297140.0 2025-12-18 13:10:00
251  20251218  131100  14650.0  14650.0  14650.0  14650.0   254.0  877018240.0 2025-12-18 13:11:00
252  20251218  131200  14650.0  14650.0  14650.0  14650.0     9.0  877150090.0 2025-12-18 13:12:00
253  20251218  131300  14630.0  14630.0  14630.0  14630.0     3.0  877193980.0 2025-12-18 13:13:00
254  20251218  131400  14630.0  14630.0  14630.0  14630.0     6.0  877281760.0 2025-12-18 13:14:00
255  20251218  131500  14630.0  14630.0  14630.0  14630.0     0.0  877281760.0 2025-12-18 13:15:00
256  20251218  131600  14650.0  14650.0  14650.0  14650.0    71.0  878321910.0 2025-12-18 13:16:00
257  20251218  131700  14650.0  14650.0  14650.0  14650.0     0.0  878321910.0 2025-12-18 13:17:00
258  20251218  131800  14650.0  14650.0  14650.0  14650.0     0.0  878321910.0 2025-12-18 13:18:00
259  20251218  131900  14660.0  14660.0  14660.0  14660.0     0.0  879919850.0 2025-12-18 13:19:00
260  20251218  132000  14660.0  14665.0  14665.0  14660.0   142.0  882001595.0 2025-12-18 13:20:00
261  20251218  132100  14630.0  14640.0  14640.0  14630.0    30.0  882440655.0 2025-12-18 13:21:00
262  20251218  132200  14630.0  14630.0  14630.0  14630.0   700.0  892681655.0 2025-12-18 13:22:00
263  20251218  132300  14660.0  14660.0  14660.0  14660.0   150.0  894880655.0 2025-12-18 13:23:00
264  20251218  132400  14670.0  14670.0  14670.0  14670.0   121.0  896655725.0 2025-12-18 13:24:00
265  20251218  132500  14650.0  14640.0  14650.0  14640.0   471.0  903551265.0 2025-12-18 13:25:00
266  20251218  132600  14650.0  14650.0  14650.0  14650.0     0.0  903551265.0 2025-12-18 13:26:00
267  20251218  132700  14650.0  14650.0  14650.0  14650.0     0.0  905514365.0 2025-12-18 13:27:00
268  20251218  132800  14650.0  14650.0  14650.0  14650.0     0.0  905514365.0 2025-12-18 13:28:00
269  20251218  132900  14680.0  14680.0  14680.0  14680.0   450.0  912120365.0 2025-12-18 13:29:00
270  20251218  133000  14680.0  14680.0  14680.0  14680.0     3.0  912164405.0 2025-12-18 13:30:00
271  20251218  133100  14680.0  14680.0  14680.0  14680.0     5.0  912237805.0 2025-12-18 13:31:00
272  20251218  133200  14670.0  14670.0  14670.0  14670.0     4.0  912296485.0 2025-12-18 13:32:00
273  20251218  133300  14670.0  14670.0  14670.0  14670.0     0.0  912296485.0 2025-12-18 13:33:00
274  20251218  133400  14660.0  14660.0  14660.0  14660.0    12.0  912472405.0 2025-12-18 13:34:00
275  20251218  133500  14660.0  14660.0  14660.0  14660.0     4.0  912531045.0 2025-12-18 13:35:00
276  20251218  133600  14680.0  14660.0  14680.0  14650.0   482.0  919596200.0 2025-12-18 13:36:00
277  20251218  133700  14680.0  14650.0  14680.0  14650.0    53.0  920372740.0 2025-12-18 13:37:00
278  20251218  133800  14650.0  14680.0  14680.0  14650.0     6.0  920460790.0 2025-12-18 13:38:00
279  20251218  133900  14680.0  14650.0  14680.0  14650.0     4.0  920519480.0 2025-12-18 13:39:00
280  20251218  134000  14680.0  14680.0  14680.0  14680.0     4.0  920578200.0 2025-12-18 13:40:00
281  20251218  134100  14680.0  14680.0  14680.0  14680.0     3.0  920622240.0 2025-12-18 13:41:00
282  20251218  134200  14680.0  14680.0  14680.0  14680.0     3.0  920666280.0 2025-12-18 13:42:00
283  20251218  134300  14680.0  14680.0  14680.0  14680.0     4.0  920725000.0 2025-12-18 13:43:00
284  20251218  134400  14680.0  14680.0  14680.0  14680.0     3.0  920769040.0 2025-12-18 13:44:00
285  20251218  134500  14680.0  14680.0  14680.0  14680.0     0.0  920769040.0 2025-12-18 13:45:00
286  20251218  134600  14680.0  14680.0  14680.0  14680.0     4.0  920827760.0 2025-12-18 13:46:00
287  20251218  134700  14680.0  14680.0  14680.0  14680.0     3.0  920871800.0 2025-12-18 13:47:00
288  20251218  134800  14680.0  14680.0  14680.0  14680.0     6.0  920959880.0 2025-12-18 13:48:00
289  20251218  134900  14665.0  14680.0  14680.0  14665.0    55.0  921767265.0 2025-12-18 13:49:00
290  20251218  135000  14680.0  14680.0  14680.0  14680.0     6.0  921855345.0 2025-12-18 13:50:00
291  20251218  135100  14660.0  14680.0  14680.0  14660.0    40.0  922441885.0 2025-12-18 13:51:00
292  20251218  135200  14660.0  14660.0  14660.0  14660.0     1.0  922456545.0 2025-12-18 13:52:00
293  20251218  135300  14680.0  14680.0  14680.0  14680.0     5.0  922529945.0 2025-12-18 13:53:00
294  20251218  135400  14680.0  14680.0  14680.0  14680.0     6.0  922618025.0 2025-12-18 13:54:00
295  20251218  135500  14670.0  14680.0  14680.0  14660.0    60.0  923497815.0 2025-12-18 13:55:00
296  20251218  135600  14680.0  14680.0  14680.0  14680.0     4.0  923556535.0 2025-12-18 13:56:00
297  20251218  135700  14680.0  14680.0  14680.0  14680.0     0.0  923556535.0 2025-12-18 13:57:00
298  20251218  135800  14680.0  14680.0  14680.0  14680.0     3.0  923600575.0 2025-12-18 13:58:00
299  20251218  135900  14680.0  14680.0  14680.0  14680.0     3.0  923644615.0 2025-12-18 13:59:00
300  20251218  140000  14650.0  14650.0  14680.0  14650.0    15.0  923864485.0 2025-12-18 14:00:00
301  20251218  140100  14680.0  14680.0  14680.0  14680.0     3.0  923908525.0 2025-12-18 14:01:00
302  20251218  140200  14680.0  14680.0  14680.0  14680.0     4.0  923967245.0 2025-12-18 14:02:00
303  20251218  140300  14680.0  14680.0  14680.0  14680.0     3.0  924011285.0 2025-12-18 14:03:00
304  20251218  140400  14680.0  14680.0  14680.0  14680.0     3.0  924055325.0 2025-12-18 14:04:00
305  20251218  140500  14680.0  14670.0  14680.0  14670.0     5.0  924128715.0 2025-12-18 14:05:00
306  20251218  140600  14680.0  14680.0  14680.0  14680.0     3.0  924172755.0 2025-12-18 14:06:00
307  20251218  140700  14680.0  14660.0  14680.0  14650.0     6.0  924260785.0 2025-12-18 14:07:00
308  20251218  140800  14680.0  14680.0  14680.0  14680.0     0.0  924260785.0 2025-12-18 14:08:00
309  20251218  140900  14650.0  14680.0  14680.0  14650.0    10.0  924407375.0 2025-12-18 14:09:00
310  20251218  141000  14650.0  14680.0  14680.0  14650.0    41.0  925008125.0 2025-12-18 14:10:00
311  20251218  141100  14650.0  14670.0  14670.0  14650.0     5.0  925081455.0 2025-12-18 14:11:00
312  20251218  141200  14650.0  14670.0  14670.0  14650.0     4.0  925140115.0 2025-12-18 14:12:00
313  20251218  141300  14650.0  14670.0  14670.0  14650.0    22.0  925462695.0 2025-12-18 14:13:00
314  20251218  141400  14670.0  14670.0  14670.0  14670.0     3.0  925506705.0 2025-12-18 14:14:00
315  20251218  141500  14670.0  14650.0  14670.0  14650.0    53.0  926283215.0 2025-12-18 14:15:00
316  20251218  141600  14670.0  14670.0  14670.0  14670.0   116.0  927984935.0 2025-12-18 14:16:00
317  20251218  141700  14670.0  14670.0  14670.0  14670.0     3.0  928028945.0 2025-12-18 14:17:00
318  20251218  141800  14670.0  14670.0  14670.0  14670.0     4.0  928087625.0 2025-12-18 14:18:00
319  20251218  141900  14670.0  14650.0  14670.0  14650.0     4.0  928146285.0 2025-12-18 14:19:00
320  20251218  142000  14670.0  14670.0  14670.0  14670.0    10.0  928292985.0 2025-12-18 14:20:00
321  20251218  142100  14670.0  14670.0  14670.0  14670.0     3.0  928336995.0 2025-12-18 14:21:00
322  20251218  142200  14650.0  14670.0  14670.0  14650.0     5.0  928410325.0 2025-12-18 14:22:00
323  20251218  142300  14670.0  14670.0  14670.0  14670.0   112.0  930053365.0 2025-12-18 14:23:00
324  20251218  142400  14670.0  14670.0  14670.0  14670.0     4.0  930112045.0 2025-12-18 14:24:00
325  20251218  142500  14650.0  14670.0  14670.0  14650.0    33.0  930595555.0 2025-12-18 14:25:00
326  20251218  142600  14670.0  14670.0  14670.0  14670.0     3.0  930639565.0 2025-12-18 14:26:00
327  20251218  142700  14670.0  14670.0  14670.0  14660.0    24.0  930991555.0 2025-12-18 14:27:00
328  20251218  142800  14660.0  14660.0  14660.0  14660.0     3.0  931035535.0 2025-12-18 14:28:00
329  20251218  142900  14680.0  14670.0  14680.0  14670.0   212.0  934145615.0 2025-12-18 14:29:00
330  20251218  143000  14680.0  14680.0  14680.0  14680.0     7.0  934248375.0 2025-12-18 14:30:00
331  20251218  143100  14660.0  14670.0  14670.0  14660.0   180.0  936887235.0 2025-12-18 14:31:00
332  20251218  143200  14670.0  14670.0  14670.0  14670.0     3.0  936931245.0 2025-12-18 14:32:00
333  20251218  143300  14660.0  14670.0  14670.0  14660.0    12.0  937107275.0 2025-12-18 14:33:00
334  20251218  143400  14670.0  14670.0  14670.0  14670.0    15.0  937327325.0 2025-12-18 14:34:00
335  20251218  143500  14680.0  14670.0  14680.0  14670.0    41.0  937928835.0 2025-12-18 14:35:00
336  20251218  143600  14680.0  14680.0  14680.0  14680.0     3.0  937972875.0 2025-12-18 14:36:00
337  20251218  143700  14680.0  14680.0  14680.0  14680.0   383.0  943595315.0 2025-12-18 14:37:00
338  20251218  143800  14690.0  14690.0  14690.0  14690.0     4.0  943654075.0 2025-12-18 14:38:00
339  20251218  143900  14690.0  14690.0  14690.0  14690.0     3.0  943698145.0 2025-12-18 14:39:00
340  20251218  144000  14690.0  14690.0  14690.0  14690.0     4.0  943756905.0 2025-12-18 14:40:00
341  20251218  144100  14690.0  14690.0  14690.0  14690.0    14.0  943962565.0 2025-12-18 14:41:00
342  20251218  144200  14690.0  14670.0  14690.0  14670.0     6.0  944050645.0 2025-12-18 14:42:00
343  20251218  144300  14690.0  14690.0  14690.0  14690.0     0.0  944050645.0 2025-12-18 14:43:00
344  20251218  144400  14670.0  14690.0  14690.0  14670.0    50.0  944784325.0 2025-12-18 14:44:00
345  20251218  144500  14690.0  14690.0  14690.0  14690.0     3.0  944828395.0 2025-12-18 14:45:00
346  20251218  144600  14690.0  14690.0  14690.0  14690.0     4.0  944887155.0 2025-12-18 14:46:00
347  20251218  144700  14690.0  14670.0  14690.0  14670.0    62.0  945796755.0 2025-12-18 14:47:00
348  20251218  144800  14660.0  14680.0  14680.0  14660.0     5.0  945870115.0 2025-12-18 14:48:00
349  20251218  144900  14680.0  14680.0  14680.0  14680.0     4.0  945928835.0 2025-12-18 14:49:00
350  20251218  145000  14680.0  14680.0  14680.0  14680.0     3.0  945972875.0 2025-12-18 14:50:00
351  20251218  145100  14690.0  14670.0  14690.0  14670.0   270.0  949936145.0 2025-12-18 14:51:00
352  20251218  145200  14690.0  14680.0  14690.0  14680.0   149.0  952124945.0 2025-12-18 14:52:00
353  20251218  145300  14690.0  14690.0  14690.0  14690.0    39.0  952697855.0 2025-12-18 14:53:00
354  20251218  145400  14690.0  14690.0  14690.0  14690.0     6.0  952785995.0 2025-12-18 14:54:00
355  20251218  145500  14700.0  14700.0  14700.0  14680.0     7.0  952888875.0 2025-12-18 14:55:00
356  20251218  145600  14700.0  14680.0  14700.0  14670.0   111.0  954518415.0 2025-12-18 14:56:00
357  20251218  145700  14700.0  14700.0  14700.0  14700.0   154.0  956782215.0 2025-12-18 14:57:00
358  20251218  145800  14700.0  14700.0  14700.0  14700.0     3.0  956826315.0 2025-12-18 14:58:00
359  20251218  145900  14700.0  14700.0  14700.0  14700.0     6.0  956914515.0 2025-12-18 14:59:00
360  20251218  150000  14700.0  14670.0  14700.0  14670.0     5.0  956987985.0 2025-12-18 15:00:00
361  20251218  150100  14700.0  14700.0  14700.0  14700.0     3.0  957032085.0 2025-12-18 15:01:00
362  20251218  150200  14690.0  14670.0  14690.0  14670.0    51.0  957780360.0 2025-12-18 15:02:00
363  20251218  150300  14690.0  14690.0  14690.0  14690.0     7.0  957883190.0 2025-12-18 15:03:00
364  20251218  150400  14690.0  14660.0  14690.0  14660.0    16.0  958117840.0 2025-12-18 15:04:00
365  20251218  150500  14690.0  14660.0  14690.0  14660.0    41.0  958719020.0 2025-12-18 15:05:00
366  20251218  150600  14690.0  14660.0  14690.0  14660.0   485.0  965843640.0 2025-12-18 15:06:00
367  20251218  150700  14690.0  14690.0  14690.0  14690.0   173.0  968385010.0 2025-12-18 15:07:00
368  20251218  150800  14700.0  14690.0  14700.0  14690.0     5.0  968458500.0 2025-12-18 15:08:00
369  20251218  150900  14700.0  14690.0  14700.0  14690.0    65.0  969413810.0 2025-12-18 15:09:00
370  20251218  151000  14680.0  14690.0  14700.0  14680.0    24.0  969766200.0 2025-12-18 15:10:00
371  20251218  151100  14700.0  14680.0  14700.0  14680.0   418.0  975902520.0 2025-12-18 15:11:00
372  20251218  151200  14660.0  14680.0  14700.0  14660.0   103.0  977413970.0 2025-12-18 15:12:00
373  20251218  151300  14690.0  14660.0  14690.0  14660.0    10.0  977560690.0 2025-12-18 15:13:00
374  20251218  151400  14660.0  14660.0  14680.0  14660.0    19.0  977839290.0 2025-12-18 15:14:00
375  20251218  151500  14690.0  14680.0  14690.0  14680.0   571.0  986221600.0 2025-12-18 15:15:00
376  20251218  151600  14700.0  14660.0  14700.0  14660.0   322.0  990951510.0 2025-12-18 15:16:00
377  20251218  151700  14670.0  14670.0  14670.0  14670.0     1.0  990966180.0 2025-12-18 15:17:00
378  20251218  151800  14670.0  14700.0  14700.0  14670.0    85.0  992213250.0 2025-12-18 15:18:00
379  20251218  151900  14670.0  14670.0  14670.0  14670.0     0.0  992213250.0 2025-12-18 15:19:00
380  20251218  152000  14670.0  14670.0  14670.0  14670.0     0.0  992213250.0 2025-12-18 15:20:00
381  20251218  152100  14670.0  14670.0  14670.0  14670.0     0.0  992213250.0 2025-12-18 15:21:00
382  20251218  152200  14670.0  14670.0  14670.0  14670.0     0.0  992213250.0 2025-12-18 15:22:00
383  20251218  152300  14670.0  14670.0  14670.0  14670.0     0.0  992213250.0 2025-12-18 15:23:00
384  20251218  152400  14670.0  14670.0  14670.0  14670.0     0.0  992213250.0 2025-12-18 15:24:00
385  20251218  152500  14670.0  14670.0  14670.0  14670.0     0.0  992213250.0 2025-12-18 15:25:00
386  20251218  152600  14670.0  14670.0  14670.0  14670.0     0.0  992213250.0 2025-12-18 15:26:00
387  20251218  152700  14670.0  14670.0  14670.0  14670.0     0.0  992213250.0 2025-12-18 15:27:00
388  20251218  152800  14670.0  14670.0  14670.0  14670.0     0.0  992213250.0 2025-12-18 15:28:00

[004000] 분봉 데이터: 389건
--------------------------------------------------------------------------------
         date    time    close     open     high      low  volume        amount            datetime
0    20251218  090000  47350.0  47700.0  47700.0  47300.0   256.0  1.215475e+07 2025-12-18 09:00:00
1    20251218  090100  47250.0  47500.0  47500.0  47250.0   160.0  1.973745e+07 2025-12-18 09:01:00
2    20251218  090200  47450.0  47250.0  47450.0  47250.0     3.0  1.987940e+07 2025-12-18 09:02:00
3    20251218  090300  47400.0  47200.0  47400.0  47200.0     8.0  2.025780e+07 2025-12-18 09:03:00
4    20251218  090400  47150.0  47200.0  47400.0  47100.0    92.0  2.459715e+07 2025-12-18 09:04:00
5    20251218  090500  46900.0  47100.0  47150.0  46900.0    87.0  2.868270e+07 2025-12-18 09:05:00
6    20251218  090600  46850.0  46950.0  46950.0  46750.0   259.0  4.081095e+07 2025-12-18 09:06:00
7    20251218  090700  46850.0  47000.0  47000.0  46850.0    22.0  4.184230e+07 2025-12-18 09:07:00
8    20251218  090800  46850.0  46850.0  46900.0  46850.0   113.0  4.714070e+07 2025-12-18 09:08:00
9    20251218  090900  47000.0  47050.0  47050.0  47000.0     3.0  4.728175e+07 2025-12-18 09:09:00
10   20251218  091000  46700.0  46900.0  46900.0  46700.0   700.0  8.003580e+07 2025-12-18 09:10:00
11   20251218  091100  46750.0  46750.0  46750.0  46750.0    45.0  8.213955e+07 2025-12-18 09:11:00
12   20251218  091200  46800.0  46750.0  46800.0  46600.0   375.0  9.965955e+07 2025-12-18 09:12:00
13   20251218  091300  46650.0  46750.0  46750.0  46650.0    23.0  1.007327e+08 2025-12-18 09:13:00
14   20251218  091400  46650.0  46600.0  46650.0  46600.0    82.0  1.045546e+08 2025-12-18 09:14:00
15   20251218  091500  46550.0  46650.0  46650.0  46550.0    42.0  1.065116e+08 2025-12-18 09:15:00
16   20251218  091600  46700.0  46550.0  46700.0  46550.0   112.0  1.117275e+08 2025-12-18 09:16:00
17   20251218  091700  46700.0  46750.0  46750.0  46700.0    22.0  1.127550e+08 2025-12-18 09:17:00
18   20251218  091800  46700.0  46700.0  46750.0  46700.0   155.0  1.199950e+08 2025-12-18 09:18:00
19   20251218  091900  46750.0  46750.0  46750.0  46700.0    25.0  1.211635e+08 2025-12-18 09:19:00
20   20251218  092000  46750.0  46750.0  46800.0  46700.0    72.0  1.245294e+08 2025-12-18 09:20:00
21   20251218  092100  46750.0  46700.0  46750.0  46700.0    83.0  1.284056e+08 2025-12-18 09:21:00
22   20251218  092200  46750.0  46750.0  46750.0  46750.0     5.0  1.286394e+08 2025-12-18 09:22:00
23   20251218  092300  46650.0  46700.0  46700.0  46650.0   442.0  1.492680e+08 2025-12-18 09:23:00
24   20251218  092400  46650.0  46650.0  46650.0  46650.0    21.0  1.502476e+08 2025-12-18 09:24:00
25   20251218  092500  46700.0  46700.0  46700.0  46700.0   103.0  1.550577e+08 2025-12-18 09:25:00
26   20251218  092600  46750.0  46650.0  46750.0  46650.0    67.0  1.581844e+08 2025-12-18 09:26:00
27   20251218  092700  46650.0  46700.0  46700.0  46650.0   161.0  1.656958e+08 2025-12-18 09:27:00
28   20251218  092800  46650.0  46650.0  46650.0  46650.0    40.0  1.675618e+08 2025-12-18 09:28:00
29   20251218  092900  46600.0  46700.0  46700.0  46550.0   345.0  1.836343e+08 2025-12-18 09:29:00
30   20251218  093000  46600.0  46600.0  46600.0  46550.0   199.0  1.929024e+08 2025-12-18 09:30:00
31   20251218  093100  46600.0  46550.0  46600.0  46550.0   136.0  1.992349e+08 2025-12-18 09:31:00
32   20251218  093200  46600.0  46600.0  46600.0  46550.0    70.0  2.024953e+08 2025-12-18 09:32:00
33   20251218  093300  46550.0  46600.0  46600.0  46550.0    65.0  2.055242e+08 2025-12-18 09:33:00
34   20251218  093400  46600.0  46600.0  46600.0  46600.0    14.0  2.061766e+08 2025-12-18 09:34:00
35   20251218  093500  46550.0  46550.0  46600.0  46550.0   130.0  2.122286e+08 2025-12-18 09:35:00
36   20251218  093600  46600.0  46550.0  46600.0  46550.0    13.0  2.128342e+08 2025-12-18 09:36:00
37   20251218  093700  46500.0  46550.0  46550.0  46450.0   779.0  2.490472e+08 2025-12-18 09:37:00
38   20251218  093800  46500.0  46500.0  46600.0  46400.0   150.0  2.560176e+08 2025-12-18 09:38:00
39   20251218  093900  46500.0  46600.0  46600.0  46500.0   114.0  2.613186e+08 2025-12-18 09:39:00
40   20251218  094000  46400.0  46450.0  46550.0  46400.0   219.0  2.714854e+08 2025-12-18 09:40:00
41   20251218  094100  46250.0  46550.0  46550.0  46200.0   489.0  2.941412e+08 2025-12-18 09:41:00
42   20251218  094200  46400.0  46250.0  46400.0  46200.0    88.0  2.982111e+08 2025-12-18 09:42:00
43   20251218  094300  46300.0  46400.0  46400.0  46200.0    64.0  3.011726e+08 2025-12-18 09:43:00
44   20251218  094400  46350.0  46250.0  46350.0  46200.0   191.0  3.100154e+08 2025-12-18 09:44:00
45   20251218  094500  46250.0  46250.0  46250.0  46250.0    11.0  3.105242e+08 2025-12-18 09:45:00
46   20251218  094600  46250.0  46400.0  46400.0  46250.0    66.0  3.135768e+08 2025-12-18 09:46:00
47   20251218  094700  46250.0  46250.0  46250.0  46200.0    42.0  3.155192e+08 2025-12-18 09:47:00
48   20251218  094800  46400.0  46250.0  46400.0  46250.0    91.0  3.197282e+08 2025-12-18 09:48:00
49   20251218  094900  46250.0  46250.0  46250.0  46250.0    11.0  3.202370e+08 2025-12-18 09:49:00
50   20251218  095000  46250.0  46250.0  46300.0  46250.0    37.0  3.219493e+08 2025-12-18 09:50:00
51   20251218  095100  46250.0  46300.0  46350.0  46250.0     3.0  3.220882e+08 2025-12-18 09:51:00
52   20251218  095200  46350.0  46300.0  46350.0  46300.0    85.0  3.260240e+08 2025-12-18 09:52:00
53   20251218  095300  46300.0  46350.0  46350.0  46250.0    28.0  3.273205e+08 2025-12-18 09:53:00
54   20251218  095400  46300.0  46300.0  46300.0  46250.0    52.0  3.297278e+08 2025-12-18 09:54:00
55   20251218  095500  46350.0  46300.0  46350.0  46300.0   110.0  3.348210e+08 2025-12-18 09:55:00
56   20251218  095600  46350.0  46350.0  46350.0  46300.0    38.0  3.365806e+08 2025-12-18 09:56:00
57   20251218  095700  46300.0  46300.0  46300.0  46300.0     4.0  3.367658e+08 2025-12-18 09:57:00
58   20251218  095800  46300.0  46350.0  46350.0  46300.0    40.0  3.386188e+08 2025-12-18 09:58:00
59   20251218  095900  46450.0  46300.0  46450.0  46300.0   113.0  3.438569e+08 2025-12-18 09:59:00
60   20251218  100000  46350.0  46400.0  46450.0  46300.0   178.0  3.521014e+08 2025-12-18 10:00:00
61   20251218  100100  46250.0  46350.0  46350.0  46250.0   169.0  3.599308e+08 2025-12-18 10:01:00
62   20251218  100200  46300.0  46300.0  46300.0  46250.0   111.0  3.650648e+08 2025-12-18 10:02:00
63   20251218  100300  46250.0  46300.0  46300.0  46250.0    10.0  3.655276e+08 2025-12-18 10:03:00
64   20251218  100400  46250.0  46300.0  46300.0  46250.0    15.0  3.662220e+08 2025-12-18 10:04:00
65   20251218  100500  46300.0  46300.0  46300.0  46300.0    17.0  3.670091e+08 2025-12-18 10:05:00
66   20251218  100600  46300.0  46300.0  46300.0  46200.0   540.0  3.919826e+08 2025-12-18 10:06:00
67   20251218  100700  46300.0  46300.0  46300.0  46250.0   219.0  4.021189e+08 2025-12-18 10:07:00
68   20251218  100800  46250.0  46250.0  46300.0  46250.0    62.0  4.049864e+08 2025-12-18 10:08:00
69   20251218  100900  46300.0  46250.0  46300.0  46150.0  1788.0  4.875981e+08 2025-12-18 10:09:00
70   20251218  101000  46250.0  46200.0  46250.0  46200.0    25.0  4.887532e+08 2025-12-18 10:10:00
71   20251218  101100  46150.0  46250.0  46250.0  46150.0    66.0  4.918024e+08 2025-12-18 10:11:00
72   20251218  101200  46150.0  46200.0  46200.0  46150.0    51.0  4.941582e+08 2025-12-18 10:12:00
73   20251218  101300  46200.0  46200.0  46200.0  46150.0    49.0  4.964220e+08 2025-12-18 10:13:00
74   20251218  101400  46200.0  46150.0  46300.0  46150.0    40.0  4.982700e+08 2025-12-18 10:14:00
75   20251218  101500  46300.0  46200.0  46300.0  46150.0   364.0  5.150716e+08 2025-12-18 10:15:00
76   20251218  101600  46150.0  46200.0  46250.0  46150.0   146.0  5.218106e+08 2025-12-18 10:16:00
77   20251218  101700  46150.0  46150.0  46150.0  46150.0    78.0  5.254102e+08 2025-12-18 10:17:00
78   20251218  101800  46050.0  46200.0  46200.0  46050.0   592.0  5.527080e+08 2025-12-18 10:18:00
79   20251218  101900  46100.0  46050.0  46100.0  46050.0   106.0  5.575942e+08 2025-12-18 10:19:00
80   20251218  102000  46100.0  46050.0  46150.0  46050.0    18.0  5.584241e+08 2025-12-18 10:20:00
81   20251218  102100  46150.0  46150.0  46150.0  46100.0     3.0  5.585625e+08 2025-12-18 10:21:00
82   20251218  102200  46250.0  46150.0  46250.0  46150.0    79.0  5.622084e+08 2025-12-18 10:22:00
83   20251218  102300  46100.0  46100.0  46150.0  46100.0   111.0  5.673262e+08 2025-12-18 10:23:00
84   20251218  102400  46050.0  46150.0  46150.0  46050.0    47.0  5.694921e+08 2025-12-18 10:24:00
85   20251218  102500  46050.0  46100.0  46150.0  46050.0    77.0  5.730409e+08 2025-12-18 10:25:00
86   20251218  102600  46150.0  46150.0  46150.0  46150.0     1.0  5.730870e+08 2025-12-18 10:26:00
87   20251218  102700  46100.0  46100.0  46100.0  46050.0     6.0  5.733634e+08 2025-12-18 10:27:00
88   20251218  102800  46050.0  46075.0  46075.0  46050.0     2.0  5.734556e+08 2025-12-18 10:28:00
89   20251218  102900  46100.0  46100.0  46100.0  46100.0    43.0  5.754379e+08 2025-12-18 10:29:00
90   20251218  103000  46050.0  46100.0  46150.0  46050.0    14.0  5.760834e+08 2025-12-18 10:30:00
91   20251218  103100  46100.0  46050.0  46100.0  46000.0   158.0  5.833585e+08 2025-12-18 10:31:00
92   20251218  103200  46100.0  46100.0  46100.0  46100.0     1.0  5.834046e+08 2025-12-18 10:32:00
93   20251218  103300  46050.0  46050.0  46050.0  46050.0    43.0  5.853847e+08 2025-12-18 10:33:00
94   20251218  103400  46050.0  46050.0  46050.0  46050.0     5.0  5.856150e+08 2025-12-18 10:34:00
95   20251218  103500  46050.0  46100.0  46100.0  46050.0     2.0  5.857071e+08 2025-12-18 10:35:00
96   20251218  103600  46050.0  46100.0  46100.0  45950.0   888.0  6.265598e+08 2025-12-18 10:36:00
97   20251218  103700  45950.0  46050.0  46050.0  45950.0   265.0  6.387376e+08 2025-12-18 10:37:00
98   20251218  103800  45900.0  45900.0  46000.0  45900.0    51.0  6.410812e+08 2025-12-18 10:38:00
99   20251218  103900  46000.0  46000.0  46000.0  46000.0    24.0  6.421852e+08 2025-12-18 10:39:00
100  20251218  104000  46050.0  46000.0  46050.0  45950.0     5.0  6.424153e+08 2025-12-18 10:40:00
101  20251218  104100  46000.0  46000.0  46050.0  45950.0     7.0  6.427373e+08 2025-12-18 10:41:00
102  20251218  104200  46000.0  46050.0  46050.0  46000.0     6.0  6.430135e+08 2025-12-18 10:42:00
103  20251218  104300  46050.0  46050.0  46050.0  46050.0    22.0  6.440266e+08 2025-12-18 10:43:00
104  20251218  104400  46050.0  46050.0  46050.0  46000.0    27.0  6.452697e+08 2025-12-18 10:44:00
105  20251218  104500  46050.0  46050.0  46100.0  46000.0    51.0  6.476183e+08 2025-12-18 10:45:00
106  20251218  104600  46100.0  46100.0  46100.0  46100.0    17.0  6.484020e+08 2025-12-18 10:46:00
107  20251218  104700  46150.0  46100.0  46200.0  46100.0   332.0  6.637199e+08 2025-12-18 10:47:00
108  20251218  104800  46050.0  46100.0  46100.0  46050.0    43.0  6.657021e+08 2025-12-18 10:48:00
109  20251218  104900  46150.0  46100.0  46150.0  46100.0    23.0  6.667625e+08 2025-12-18 10:49:00
110  20251218  105000  46100.0  46100.0  46150.0  46100.0     9.0  6.671776e+08 2025-12-18 10:50:00
111  20251218  105100  46100.0  46100.0  46100.0  46050.0    64.0  6.701280e+08 2025-12-18 10:51:00
112  20251218  105200  46050.0  46100.0  46100.0  46050.0     8.0  6.704967e+08 2025-12-18 10:52:00
113  20251218  105300  46150.0  46100.0  46150.0  46100.0    73.0  6.738621e+08 2025-12-18 10:53:00
114  20251218  105400  46100.0  46050.0  46100.0  46050.0    13.0  6.744613e+08 2025-12-18 10:54:00
115  20251218  105500  46100.0  46050.0  46100.0  46050.0     8.0  6.748300e+08 2025-12-18 10:55:00
116  20251218  105600  46150.0  46050.0  46150.0  46050.0   133.0  6.809603e+08 2025-12-18 10:56:00
117  20251218  105700  46100.0  46150.0  46150.0  46100.0     6.0  6.812371e+08 2025-12-18 10:57:00
118  20251218  105800  46100.0  46150.0  46150.0  46100.0     7.0  6.815601e+08 2025-12-18 10:58:00
119  20251218  105900  46150.0  46150.0  46150.0  46150.0    31.0  6.829907e+08 2025-12-18 10:59:00
120  20251218  110000  46200.0  46100.0  46200.0  46100.0     9.0  6.834060e+08 2025-12-18 11:00:00
121  20251218  110100  46200.0  46150.0  46200.0  46150.0     5.0  6.836369e+08 2025-12-18 11:01:00
122  20251218  110200  46100.0  46150.0  46150.0  46100.0    56.0  6.862204e+08 2025-12-18 11:02:00
123  20251218  110300  46150.0  46150.0  46150.0  46150.0    32.0  6.876972e+08 2025-12-18 11:03:00
124  20251218  110400  46150.0  46150.0  46150.0  46150.0    20.0  6.886202e+08 2025-12-18 11:04:00
125  20251218  110500  46200.0  46200.0  46200.0  46200.0     1.0  6.886664e+08 2025-12-18 11:05:00
126  20251218  110600  46200.0  46150.0  46200.0  46150.0    42.0  6.906048e+08 2025-12-18 11:06:00
127  20251218  110700  46200.0  46200.0  46200.0  46150.0    19.0  6.914824e+08 2025-12-18 11:07:00
128  20251218  110800  46200.0  46200.0  46200.0  46200.0     0.0  6.914824e+08 2025-12-18 11:08:00
129  20251218  110900  46150.0  46200.0  46200.0  46150.0   304.0  7.055162e+08 2025-12-18 11:09:00
130  20251218  111000  46200.0  46200.0  46200.0  46200.0    14.0  7.061630e+08 2025-12-18 11:10:00
131  20251218  111100  46150.0  46150.0  46150.0  46100.0    47.0  7.083319e+08 2025-12-18 11:11:00
132  20251218  111200  46150.0  46150.0  46150.0  46150.0    85.0  7.122547e+08 2025-12-18 11:12:00
133  20251218  111300  46100.0  46150.0  46150.0  46100.0    75.0  7.157134e+08 2025-12-18 11:13:00
134  20251218  111400  46150.0  46150.0  46150.0  46150.0    35.0  7.173287e+08 2025-12-18 11:14:00
135  20251218  111500  46150.0  46150.0  46150.0  46150.0     9.0  7.177440e+08 2025-12-18 11:15:00
136  20251218  111600  46300.0  46150.0  46300.0  46150.0   333.0  7.331163e+08 2025-12-18 11:16:00
137  20251218  111700  46300.0  46250.0  46300.0  46200.0   199.0  7.423229e+08 2025-12-18 11:17:00
138  20251218  111800  46350.0  46350.0  46350.0  46350.0     4.0  7.425083e+08 2025-12-18 11:18:00
139  20251218  111900  46350.0  46350.0  46350.0  46350.0     9.0  7.429254e+08 2025-12-18 11:19:00
140  20251218  112000  46350.0  46350.0  46450.0  46350.0    82.0  7.467282e+08 2025-12-18 11:20:00
141  20251218  112100  46350.0  46350.0  46400.0  46350.0    27.0  7.479797e+08 2025-12-18 11:21:00
142  20251218  112200  46350.0  46350.0  46350.0  46350.0     6.0  7.482578e+08 2025-12-18 11:22:00
143  20251218  112300  46400.0  46400.0  46400.0  46400.0     1.0  7.483042e+08 2025-12-18 11:23:00
144  20251218  112400  46300.0  46350.0  46350.0  46300.0    83.0  7.521492e+08 2025-12-18 11:24:00
145  20251218  112500  46300.0  46300.0  46300.0  46300.0    12.0  7.527048e+08 2025-12-18 11:25:00
146  20251218  112600  46300.0  46250.0  46300.0  46250.0    45.0  7.547862e+08 2025-12-18 11:26:00
147  20251218  112700  46250.0  46300.0  46300.0  46250.0    12.0  7.553416e+08 2025-12-18 11:27:00
148  20251218  112800  46400.0  46250.0  46400.0  46250.0     2.0  7.554343e+08 2025-12-18 11:28:00
149  20251218  112900  46300.0  46300.0  46300.0  46300.0     2.0  7.555269e+08 2025-12-18 11:29:00
150  20251218  113000  46300.0  46300.0  46300.0  46300.0     1.0  7.555732e+08 2025-12-18 11:30:00
151  20251218  113100  46300.0  46350.0  46350.0  46300.0    10.0  7.560365e+08 2025-12-18 11:31:00
152  20251218  113200  46300.0  46350.0  46350.0  46300.0    17.0  7.568244e+08 2025-12-18 11:32:00
153  20251218  113300  46350.0  46300.0  46350.0  46300.0    67.0  7.599266e+08 2025-12-18 11:33:00
154  20251218  113400  46350.0  46300.0  46350.0  46300.0    15.0  7.606216e+08 2025-12-18 11:34:00
155  20251218  113500  46350.0  46300.0  46350.0  46300.0     2.0  7.607143e+08 2025-12-18 11:35:00
156  20251218  113600  46300.0  46350.0  46350.0  46300.0    55.0  7.632610e+08 2025-12-18 11:36:00
157  20251218  113700  46300.0  46350.0  46350.0  46300.0     5.0  7.634925e+08 2025-12-18 11:37:00
158  20251218  113800  46300.0  46350.0  46350.0  46300.0    49.0  7.657614e+08 2025-12-18 11:38:00
159  20251218  113900  46300.0  46300.0  46300.0  46300.0    48.0  7.679838e+08 2025-12-18 11:39:00
160  20251218  114000  46300.0  46300.0  46300.0  46300.0    20.0  7.689098e+08 2025-12-18 11:40:00
161  20251218  114100  46250.0  46250.0  46300.0  46250.0   155.0  7.760795e+08 2025-12-18 11:41:00
162  20251218  114200  46250.0  46250.0  46250.0  46200.0    41.0  7.779757e+08 2025-12-18 11:42:00
163  20251218  114300  46300.0  46250.0  46300.0  46250.0    82.0  7.817685e+08 2025-12-18 11:43:00
164  20251218  114400  46350.0  46250.0  46350.0  46250.0    22.0  7.827869e+08 2025-12-18 11:44:00
165  20251218  114500  46350.0  46250.0  46350.0  46250.0    18.0  7.836203e+08 2025-12-18 11:45:00
166  20251218  114600  46300.0  46300.0  46300.0  46300.0     1.0  7.836666e+08 2025-12-18 11:46:00
167  20251218  114700  46350.0  46300.0  46350.0  46300.0     7.0  7.839910e+08 2025-12-18 11:47:00
168  20251218  114800  46300.0  46300.0  46350.0  46300.0    93.0  7.882974e+08 2025-12-18 11:48:00
169  20251218  114900  46250.0  46250.0  46250.0  46200.0    48.0  7.905174e+08 2025-12-18 11:49:00
170  20251218  115000  46200.0  46200.0  46250.0  46200.0    55.0  7.930601e+08 2025-12-18 11:50:00
171  20251218  115100  46300.0  46250.0  46300.0  46200.0    66.0  7.961126e+08 2025-12-18 11:51:00
172  20251218  115200  46350.0  46250.0  46350.0  46250.0    97.0  8.006037e+08 2025-12-18 11:52:00
173  20251218  115300  46300.0  46350.0  46350.0  46300.0   113.0  8.058400e+08 2025-12-18 11:53:00
174  20251218  115400  46350.0  46450.0  46450.0  46350.0    57.0  8.084824e+08 2025-12-18 11:54:00
175  20251218  115500  46350.0  46350.0  46400.0  46350.0     5.0  8.087143e+08 2025-12-18 11:55:00
176  20251218  115600  46300.0  46350.0  46350.0  46300.0    64.0  8.116800e+08 2025-12-18 11:56:00
177  20251218  115700  46350.0  46350.0  46350.0  46350.0     8.0  8.120508e+08 2025-12-18 11:57:00
178  20251218  115800  46350.0  46350.0  46350.0  46300.0    11.0  8.125605e+08 2025-12-18 11:58:00
179  20251218  115900  46350.0  46350.0  46350.0  46350.0    21.0  8.135338e+08 2025-12-18 11:59:00
180  20251218  120000  46400.0  46400.0  46400.0  46350.0    14.0  8.141834e+08 2025-12-18 12:00:00
181  20251218  120100  46300.0  46350.0  46400.0  46300.0   155.0  8.213654e+08 2025-12-18 12:01:00
182  20251218  120200  46350.0  46300.0  46350.0  46300.0    39.0  8.231712e+08 2025-12-18 12:02:00
183  20251218  120300  46300.0  46300.0  46300.0  46300.0     3.0  8.233101e+08 2025-12-18 12:03:00
184  20251218  120400  46250.0  46250.0  46300.0  46250.0    93.0  8.276117e+08 2025-12-18 12:04:00
185  20251218  120500  46250.0  46300.0  46300.0  46200.0    30.0  8.289983e+08 2025-12-18 12:05:00
186  20251218  120600  46200.0  46250.0  46250.0  46200.0    28.0  8.302922e+08 2025-12-18 12:06:00
187  20251218  120700  46250.0  46250.0  46250.0  46200.0    13.0  8.308934e+08 2025-12-18 12:07:00
188  20251218  120800  46200.0  46250.0  46250.0  46200.0    16.0  8.316332e+08 2025-12-18 12:08:00
189  20251218  120900  46250.0  46250.0  46250.0  46250.0     7.0  8.319569e+08 2025-12-18 12:09:00
190  20251218  121000  46250.0  46200.0  46250.0  46200.0    13.0  8.325581e+08 2025-12-18 12:10:00
191  20251218  121100  46250.0  46250.0  46250.0  46200.0    28.0  8.338529e+08 2025-12-18 12:11:00
192  20251218  121200  46250.0  46250.0  46250.0  46200.0    50.0  8.361643e+08 2025-12-18 12:12:00
193  20251218  121300  46200.0  46250.0  46250.0  46200.0    20.0  8.370893e+08 2025-12-18 12:13:00
194  20251218  121400  46150.0  46250.0  46250.0  46150.0   272.0  8.496518e+08 2025-12-18 12:14:00
195  20251218  121500  46100.0  46150.0  46150.0  46100.0    66.0  8.526957e+08 2025-12-18 12:15:00
196  20251218  121600  46150.0  46150.0  46150.0  46100.0     5.0  8.529264e+08 2025-12-18 12:16:00
197  20251218  121700  46100.0  46150.0  46150.0  46050.0   329.0  8.680923e+08 2025-12-18 12:17:00
198  20251218  121800  46100.0  46100.0  46100.0  46050.0    18.0  8.689219e+08 2025-12-18 12:18:00
199  20251218  121900  46050.0  46050.0  46100.0  46050.0   213.0  8.787307e+08 2025-12-18 12:19:00
200  20251218  122000  46050.0  46100.0  46100.0  46050.0     5.0  8.789611e+08 2025-12-18 12:20:00
201  20251218  122100  46100.0  46050.0  46100.0  46050.0     3.0  8.790993e+08 2025-12-18 12:21:00
202  20251218  122200  46100.0  46050.0  46100.0  46050.0     2.0  8.791915e+08 2025-12-18 12:22:00
203  20251218  122300  46100.0  46100.0  46100.0  46050.0    10.0  8.796524e+08 2025-12-18 12:23:00
204  20251218  122400  46100.0  46100.0  46100.0  46050.0    44.0  8.816808e+08 2025-12-18 12:24:00
205  20251218  122500  46150.0  46050.0  46150.0  46050.0    10.0  8.821417e+08 2025-12-18 12:25:00
206  20251218  122600  46100.0  46100.0  46150.0  46100.0    11.0  8.826493e+08 2025-12-18 12:26:00
207  20251218  122700  46150.0  46150.0  46150.0  46150.0    14.0  8.832954e+08 2025-12-18 12:27:00
208  20251218  122800  46100.0  46150.0  46150.0  46100.0   161.0  8.907195e+08 2025-12-18 12:28:00
209  20251218  122900  46100.0  46100.0  46100.0  46050.0    29.0  8.920563e+08 2025-12-18 12:29:00
210  20251218  123000  46100.0  46100.0  46150.0  46100.0    47.0  8.942231e+08 2025-12-18 12:30:00
211  20251218  123100  46050.0  46150.0  46150.0  46050.0   144.0  9.008579e+08 2025-12-18 12:31:00
212  20251218  123200  46050.0  46100.0  46100.0  46050.0    10.0  9.013189e+08 2025-12-18 12:32:00
213  20251218  123300  46100.0  46100.0  46100.0  46100.0    29.0  9.026558e+08 2025-12-18 12:33:00
214  20251218  123400  46050.0  46100.0  46100.0  46050.0    71.0  9.059254e+08 2025-12-18 12:34:00
215  20251218  123500  46100.0  46050.0  46100.0  46050.0    49.0  9.081824e+08 2025-12-18 12:35:00
216  20251218  123600  46100.0  46100.0  46100.0  46100.0    11.0  9.086895e+08 2025-12-18 12:36:00
217  20251218  123700  46150.0  46150.0  46150.0  46150.0    38.0  9.104432e+08 2025-12-18 12:37:00
218  20251218  123800  46100.0  46100.0  46150.0  46100.0    11.0  9.109507e+08 2025-12-18 12:38:00
219  20251218  123900  46150.0  46150.0  46150.0  46100.0    15.0  9.116429e+08 2025-12-18 12:39:00
220  20251218  124000  46150.0  46100.0  46150.0  46100.0    16.0  9.123812e+08 2025-12-18 12:40:00
221  20251218  124100  46150.0  46150.0  46200.0  46100.0    20.0  9.133044e+08 2025-12-18 12:41:00
222  20251218  124200  46150.0  46100.0  46150.0  46100.0    57.0  9.159347e+08 2025-12-18 12:42:00
223  20251218  124300  46000.0  46100.0  46100.0  46000.0   213.0  9.257447e+08 2025-12-18 12:43:00
224  20251218  124400  45900.0  46050.0  46050.0  45900.0   663.0  9.562261e+08 2025-12-18 12:44:00
225  20251218  124500  45950.0  45900.0  46000.0  45900.0    56.0  9.587993e+08 2025-12-18 12:45:00
226  20251218  124600  46000.0  45950.0  46000.0  45950.0     2.0  9.588912e+08 2025-12-18 12:46:00
227  20251218  124700  46000.0  46000.0  46000.0  45950.0    67.0  9.619732e+08 2025-12-18 12:47:00
228  20251218  124800  46000.0  46000.0  46000.0  45950.0    23.0  9.630310e+08 2025-12-18 12:48:00
229  20251218  124900  46000.0  46000.0  46000.0  45950.0    15.0  9.637209e+08 2025-12-18 12:49:00
230  20251218  125000  46000.0  46000.0  46000.0  45950.0    51.0  9.660669e+08 2025-12-18 12:50:00
231  20251218  125100  46050.0  46050.0  46050.0  46000.0    11.0  9.665733e+08 2025-12-18 12:51:00
232  20251218  125200  46050.0  46000.0  46050.0  46000.0    25.0  9.677236e+08 2025-12-18 12:52:00
233  20251218  125300  46050.0  46050.0  46050.0  46000.0    28.0  9.690130e+08 2025-12-18 12:53:00
234  20251218  125400  46000.0  46050.0  46050.0  46000.0    13.0  9.696110e+08 2025-12-18 12:54:00
235  20251218  125500  46050.0  46000.0  46050.0  46000.0     9.0  9.700254e+08 2025-12-18 12:55:00
236  20251218  125600  46000.0  46050.0  46050.0  46000.0    37.0  9.717292e+08 2025-12-18 12:56:00
237  20251218  125700  46100.0  46050.0  46100.0  46050.0   211.0  9.814465e+08 2025-12-18 12:57:00
238  20251218  125800  46050.0  46100.0  46100.0  46050.0    55.0  9.839796e+08 2025-12-18 12:58:00
239  20251218  125900  46100.0  46100.0  46100.0  46050.0   105.0  9.888197e+08 2025-12-18 12:59:00
240  20251218  130000  46100.0  46050.0  46100.0  46050.0    13.0  9.894185e+08 2025-12-18 13:00:00
241  20251218  130100  46050.0  46100.0  46100.0  46050.0     5.0  9.896488e+08 2025-12-18 13:01:00
242  20251218  130200  46050.0  46100.0  46100.0  46050.0    12.0  9.902020e+08 2025-12-18 13:02:00
243  20251218  130300  46100.0  46100.0  46100.0  46100.0    61.0  9.930141e+08 2025-12-18 13:03:00
244  20251218  130400  46050.0  46100.0  46100.0  46050.0   139.0  9.994181e+08 2025-12-18 13:04:00
245  20251218  130500  46100.0  46050.0  46100.0  46050.0     5.0  9.996484e+08 2025-12-18 13:05:00
246  20251218  130600  46100.0  46150.0  46150.0  46100.0     7.0  9.999711e+08 2025-12-18 13:06:00
247  20251218  130700  46100.0  46050.0  46100.0  46050.0    24.0  1.001076e+09 2025-12-18 13:07:00
248  20251218  130800  46000.0  46100.0  46100.0  46000.0   143.0  1.007662e+09 2025-12-18 13:08:00
249  20251218  130900  46050.0  46050.0  46050.0  46050.0     1.0  1.007708e+09 2025-12-18 13:09:00
250  20251218  131000  46100.0  46100.0  46100.0  46100.0     9.0  1.008123e+09 2025-12-18 13:10:00
251  20251218  131100  46050.0  46100.0  46150.0  46050.0    43.0  1.010105e+09 2025-12-18 13:11:00
252  20251218  131200  46100.0  46050.0  46100.0  46050.0     4.0  1.010289e+09 2025-12-18 13:12:00
253  20251218  131300  46050.0  46100.0  46100.0  46050.0     2.0  1.010381e+09 2025-12-18 13:13:00
254  20251218  131400  46050.0  46100.0  46100.0  46050.0    11.0  1.010888e+09 2025-12-18 13:14:00
255  20251218  131500  46100.0  46100.0  46100.0  46050.0    10.0  1.011349e+09 2025-12-18 13:15:00
256  20251218  131600  46100.0  46100.0  46100.0  46050.0    47.0  1.013516e+09 2025-12-18 13:16:00
257  20251218  131700  46100.0  46100.0  46100.0  46050.0    13.0  1.014115e+09 2025-12-18 13:17:00
258  20251218  131800  46100.0  46100.0  46100.0  46050.0   203.0  1.023473e+09 2025-12-18 13:18:00
259  20251218  131900  46050.0  46100.0  46100.0  46050.0     2.0  1.023565e+09 2025-12-18 13:19:00
260  20251218  132000  46100.0  46100.0  46100.0  46100.0     4.0  1.023750e+09 2025-12-18 13:20:00
261  20251218  132100  46100.0  46050.0  46100.0  46050.0    28.0  1.025040e+09 2025-12-18 13:21:00
262  20251218  132200  46100.0  46100.0  46100.0  46050.0   104.0  1.029835e+09 2025-12-18 13:22:00
263  20251218  132300  46100.0  46150.0  46150.0  46100.0    22.0  1.030849e+09 2025-12-18 13:23:00
264  20251218  132400  46150.0  46150.0  46150.0  46100.0     9.0  1.031264e+09 2025-12-18 13:24:00
265  20251218  132500  46100.0  46100.0  46150.0  46100.0     9.0  1.031679e+09 2025-12-18 13:25:00
266  20251218  132600  46100.0  46150.0  46150.0  46100.0    71.0  1.034953e+09 2025-12-18 13:26:00
267  20251218  132700  46150.0  46100.0  46150.0  46100.0   111.0  1.040075e+09 2025-12-18 13:27:00
268  20251218  132800  46150.0  46200.0  46200.0  46150.0     4.0  1.040260e+09 2025-12-18 13:28:00
269  20251218  132900  46150.0  46150.0  46150.0  46150.0     1.0  1.040306e+09 2025-12-18 13:29:00
270  20251218  133000  46150.0  46200.0  46200.0  46150.0     2.0  1.040398e+09 2025-12-18 13:30:00
271  20251218  133100  46150.0  46200.0  46200.0  46150.0    11.0  1.040906e+09 2025-12-18 13:31:00
272  20251218  133200  46150.0  46150.0  46150.0  46150.0   177.0  1.049075e+09 2025-12-18 13:32:00
273  20251218  133300  46100.0  46150.0  46150.0  46100.0     4.0  1.049259e+09 2025-12-18 13:33:00
274  20251218  133400  46150.0  46100.0  46150.0  46100.0    18.0  1.050090e+09 2025-12-18 13:34:00
275  20251218  133500  46100.0  46100.0  46150.0  46100.0     6.0  1.050366e+09 2025-12-18 13:35:00
276  20251218  133600  46150.0  46150.0  46150.0  46100.0    15.0  1.051058e+09 2025-12-18 13:36:00
277  20251218  133700  46150.0  46150.0  46150.0  46150.0     7.0  1.051382e+09 2025-12-18 13:37:00
278  20251218  133800  46100.0  46150.0  46150.0  46100.0    13.0  1.051981e+09 2025-12-18 13:38:00
279  20251218  133900  46150.0  46100.0  46150.0  46100.0    76.0  1.055489e+09 2025-12-18 13:39:00
280  20251218  134000  46200.0  46150.0  46200.0  46100.0   117.0  1.060888e+09 2025-12-18 13:40:00
281  20251218  134100  46200.0  46200.0  46200.0  46150.0    20.0  1.061812e+09 2025-12-18 13:41:00
282  20251218  134200  46200.0  46150.0  46200.0  46150.0    27.0  1.063059e+09 2025-12-18 13:42:00
283  20251218  134300  46250.0  46250.0  46250.0  46250.0     7.0  1.063383e+09 2025-12-18 13:43:00
284  20251218  134400  46250.0  46250.0  46300.0  46200.0   145.0  1.070085e+09 2025-12-18 13:44:00
285  20251218  134500  46250.0  46300.0  46300.0  46250.0    22.0  1.071102e+09 2025-12-18 13:45:00
286  20251218  134600  46200.0  46200.0  46200.0  46150.0   106.0  1.075997e+09 2025-12-18 13:46:00
287  20251218  134700  46250.0  46250.0  46300.0  46250.0    19.0  1.076876e+09 2025-12-18 13:47:00
288  20251218  134800  46200.0  46250.0  46250.0  46200.0    36.0  1.078541e+09 2025-12-18 13:48:00
289  20251218  134900  46200.0  46200.0  46200.0  46200.0     3.0  1.078680e+09 2025-12-18 13:49:00
290  20251218  135000  46200.0  46250.0  46250.0  46200.0     4.0  1.078865e+09 2025-12-18 13:50:00
291  20251218  135100  46200.0  46250.0  46250.0  46200.0     2.0  1.078957e+09 2025-12-18 13:51:00
292  20251218  135200  46250.0  46200.0  46250.0  46200.0    25.0  1.080113e+09 2025-12-18 13:52:00
293  20251218  135300  46250.0  46250.0  46250.0  46200.0    46.0  1.082240e+09 2025-12-18 13:53:00
294  20251218  135400  46200.0  46200.0  46250.0  46200.0    67.0  1.085338e+09 2025-12-18 13:54:00
295  20251218  135500  46200.0  46200.0  46300.0  46200.0    73.0  1.088712e+09 2025-12-18 13:55:00
296  20251218  135600  46150.0  46200.0  46200.0  46150.0   207.0  1.098274e+09 2025-12-18 13:56:00
297  20251218  135700  46150.0  46150.0  46200.0  46150.0    31.0  1.099705e+09 2025-12-18 13:57:00
298  20251218  135800  46150.0  46150.0  46150.0  46150.0    81.0  1.103443e+09 2025-12-18 13:58:00
299  20251218  135900  46150.0  46150.0  46150.0  46150.0    36.0  1.105105e+09 2025-12-18 13:59:00
300  20251218  140000  46150.0  46200.0  46200.0  46150.0    60.0  1.107874e+09 2025-12-18 14:00:00
301  20251218  140100  46250.0  46150.0  46250.0  46150.0    84.0  1.111753e+09 2025-12-18 14:01:00
302  20251218  140200  46250.0  46250.0  46250.0  46150.0    34.0  1.113325e+09 2025-12-18 14:02:00
303  20251218  140300  46100.0  46150.0  46200.0  46100.0   487.0  1.135799e+09 2025-12-18 14:03:00
304  20251218  140400  46100.0  46100.0  46150.0  46100.0    35.0  1.137413e+09 2025-12-18 14:04:00
305  20251218  140500  46100.0  46100.0  46100.0  46100.0    48.0  1.139626e+09 2025-12-18 14:05:00
306  20251218  140600  46050.0  46100.0  46150.0  46050.0   525.0  1.163829e+09 2025-12-18 14:06:00
307  20251218  140700  46050.0  46050.0  46150.0  46050.0   106.0  1.168714e+09 2025-12-18 14:07:00
308  20251218  140800  46100.0  46050.0  46100.0  46050.0    48.0  1.170925e+09 2025-12-18 14:08:00
309  20251218  140900  46050.0  46100.0  46100.0  46050.0    35.0  1.172537e+09 2025-12-18 14:09:00
310  20251218  141000  46050.0  46050.0  46050.0  46050.0    30.0  1.173919e+09 2025-12-18 14:10:00
311  20251218  141100  46050.0  46050.0  46100.0  46050.0    39.0  1.175715e+09 2025-12-18 14:11:00
312  20251218  141200  46150.0  46050.0  46200.0  46050.0    50.0  1.178024e+09 2025-12-18 14:12:00
313  20251218  141300  46200.0  46150.0  46200.0  46150.0    39.0  1.179825e+09 2025-12-18 14:13:00
314  20251218  141400  46200.0  46200.0  46200.0  46200.0    41.0  1.181719e+09 2025-12-18 14:14:00
315  20251218  141500  46150.0  46175.0  46225.0  46100.0    67.0  1.184812e+09 2025-12-18 14:15:00
316  20251218  141600  46200.0  46150.0  46225.0  46150.0    54.0  1.187305e+09 2025-12-18 14:16:00
317  20251218  141700  46250.0  46200.0  46250.0  46200.0    46.0  1.189431e+09 2025-12-18 14:17:00
318  20251218  141800  46200.0  46200.0  46225.0  46200.0    35.0  1.191048e+09 2025-12-18 14:18:00
319  20251218  141900  46150.0  46150.0  46200.0  46150.0    42.0  1.192987e+09 2025-12-18 14:19:00
320  20251218  142000  46100.0  46175.0  46175.0  46100.0   122.0  1.198615e+09 2025-12-18 14:20:00
321  20251218  142100  46150.0  46100.0  46250.0  46100.0    48.0  1.200830e+09 2025-12-18 14:21:00
322  20251218  142200  46250.0  46200.0  46250.0  46150.0    40.0  1.202676e+09 2025-12-18 14:22:00
323  20251218  142300  46250.0  46175.0  46250.0  46150.0    41.0  1.204571e+09 2025-12-18 14:23:00
324  20251218  142400  46250.0  46250.0  46250.0  46200.0    32.0  1.206050e+09 2025-12-18 14:24:00
325  20251218  142500  46200.0  46200.0  46300.0  46200.0    94.0  1.210393e+09 2025-12-18 14:25:00
326  20251218  142600  46150.0  46200.0  46250.0  46150.0   113.0  1.215611e+09 2025-12-18 14:26:00
327  20251218  142700  46250.0  46200.0  46300.0  46150.0    34.0  1.217183e+09 2025-12-18 14:27:00
328  20251218  142800  46200.0  46150.0  46200.0  46150.0    28.0  1.218476e+09 2025-12-18 14:28:00
329  20251218  142900  46250.0  46150.0  46300.0  46150.0    43.0  1.220462e+09 2025-12-18 14:29:00
330  20251218  143000  46350.0  46150.0  46350.0  46150.0    86.0  1.224439e+09 2025-12-18 14:30:00
331  20251218  143100  46300.0  46350.0  46350.0  46250.0    67.0  1.227542e+09 2025-12-18 14:31:00
332  20251218  143200  46350.0  46300.0  46350.0  46300.0    49.0  1.229812e+09 2025-12-18 14:32:00
333  20251218  143300  46350.0  46300.0  46350.0  46300.0    39.0  1.231618e+09 2025-12-18 14:33:00
334  20251218  143400  46300.0  46300.0  46350.0  46300.0    44.0  1.233655e+09 2025-12-18 14:34:00
335  20251218  143500  46300.0  46300.0  46350.0  46300.0   110.0  1.238749e+09 2025-12-18 14:35:00
336  20251218  143600  46300.0  46300.0  46350.0  46300.0    25.0  1.239906e+09 2025-12-18 14:36:00
337  20251218  143700  46300.0  46300.0  46350.0  46300.0    50.0  1.242222e+09 2025-12-18 14:37:00
338  20251218  143800  46350.0  46300.0  46350.0  46300.0    44.0  1.244260e+09 2025-12-18 14:38:00
339  20251218  143900  46350.0  46300.0  46350.0  46300.0    40.0  1.246112e+09 2025-12-18 14:39:00
340  20251218  144000  46350.0  46350.0  46400.0  46350.0   173.0  1.254131e+09 2025-12-18 14:40:00
341  20251218  144100  46350.0  46350.0  46400.0  46350.0    41.0  1.256031e+09 2025-12-18 14:41:00
342  20251218  144200  46400.0  46350.0  46400.0  46350.0    50.0  1.258349e+09 2025-12-18 14:42:00
343  20251218  144300  46400.0  46350.0  46400.0  46350.0    50.0  1.260667e+09 2025-12-18 14:43:00
344  20251218  144400  46350.0  46400.0  46400.0  46350.0   110.0  1.265766e+09 2025-12-18 14:44:00
345  20251218  144500  46350.0  46350.0  46400.0  46300.0   613.0  1.294150e+09 2025-12-18 14:45:00
346  20251218  144600  46300.0  46250.0  46400.0  46250.0   115.0  1.299475e+09 2025-12-18 14:46:00
347  20251218  144700  46300.0  46300.0  46350.0  46250.0    68.0  1.302624e+09 2025-12-18 14:47:00
348  20251218  144800  46300.0  46300.0  46350.0  46300.0    48.0  1.304846e+09 2025-12-18 14:48:00
349  20251218  144900  46300.0  46350.0  46350.0  46300.0    58.0  1.307532e+09 2025-12-18 14:49:00
350  20251218  145000  46350.0  46350.0  46350.0  46300.0    47.0  1.309710e+09 2025-12-18 14:50:00
351  20251218  145100  46400.0  46300.0  46400.0  46300.0   115.0  1.315037e+09 2025-12-18 14:51:00
352  20251218  145200  46300.0  46300.0  46350.0  46300.0    39.0  1.316843e+09 2025-12-18 14:52:00
353  20251218  145300  46300.0  46300.0  46350.0  46300.0    44.0  1.318881e+09 2025-12-18 14:53:00
354  20251218  145400  46300.0  46350.0  46400.0  46300.0    75.0  1.322355e+09 2025-12-18 14:54:00
355  20251218  145500  46350.0  46300.0  46350.0  46300.0    28.0  1.323652e+09 2025-12-18 14:55:00
356  20251218  145600  46350.0  46300.0  46400.0  46300.0   341.0  1.339471e+09 2025-12-18 14:56:00
357  20251218  145700  46350.0  46350.0  46400.0  46350.0    49.0  1.341742e+09 2025-12-18 14:57:00
358  20251218  145800  46350.0  46400.0  46400.0  46350.0    74.0  1.345174e+09 2025-12-18 14:58:00
359  20251218  145900  46400.0  46350.0  46400.0  46350.0    48.0  1.347400e+09 2025-12-18 14:59:00
360  20251218  150000  46350.0  46400.0  46400.0  46350.0    45.0  1.349486e+09 2025-12-18 15:00:00
361  20251218  150100  46400.0  46400.0  46400.0  46350.0    80.0  1.353196e+09 2025-12-18 15:01:00
362  20251218  150200  46400.0  46350.0  46400.0  46350.0   113.0  1.358437e+09 2025-12-18 15:02:00
363  20251218  150300  46400.0  46450.0  46450.0  46400.0   151.0  1.365444e+09 2025-12-18 15:03:00
364  20251218  150400  46350.0  46350.0  46400.0  46350.0    35.0  1.367067e+09 2025-12-18 15:04:00
365  20251218  150500  46350.0  46400.0  46400.0  46350.0    75.0  1.370545e+09 2025-12-18 15:05:00
366  20251218  150600  46400.0  46350.0  46400.0  46350.0    57.0  1.373188e+09 2025-12-18 15:06:00
367  20251218  150700  46350.0  46400.0  46400.0  46350.0   128.0  1.379121e+09 2025-12-18 15:07:00
368  20251218  150800  46300.0  46400.0  46400.0  46300.0   164.0  1.386722e+09 2025-12-18 15:08:00
369  20251218  150900  46350.0  46350.0  46400.0  46300.0    61.0  1.389549e+09 2025-12-18 15:09:00
370  20251218  151000  46400.0  46350.0  46400.0  46350.0    61.0  1.392378e+09 2025-12-18 15:10:00
371  20251218  151100  46400.0  46350.0  46400.0  46350.0    50.0  1.394696e+09 2025-12-18 15:11:00
372  20251218  151200  46350.0  46350.0  46400.0  46350.0   199.0  1.403926e+09 2025-12-18 15:12:00
373  20251218  151300  46400.0  46400.0  46450.0  46350.0   151.0  1.410932e+09 2025-12-18 15:13:00
374  20251218  151400  46400.0  46400.0  46450.0  46350.0   247.0  1.422394e+09 2025-12-18 15:14:00
375  20251218  151500  46400.0  46350.0  46400.0  46350.0    69.0  1.425594e+09 2025-12-18 15:15:00
376  20251218  151600  46400.0  46400.0  46450.0  46350.0   254.0  1.437377e+09 2025-12-18 15:16:00
377  20251218  151700  46450.0  46450.0  46450.0  46350.0    76.0  1.440906e+09 2025-12-18 15:17:00
378  20251218  151800  46450.0  46450.0  46450.0  46400.0   242.0  1.452146e+09 2025-12-18 15:18:00
379  20251218  151900  46450.0  46450.0  46450.0  46450.0     0.0  1.452146e+09 2025-12-18 15:19:00
380  20251218  152000  46450.0  46450.0  46450.0  46450.0     0.0  1.452146e+09 2025-12-18 15:20:00
381  20251218  152100  46450.0  46450.0  46450.0  46450.0     0.0  1.452146e+09 2025-12-18 15:21:00
382  20251218  152200  46450.0  46450.0  46450.0  46450.0     0.0  1.452146e+09 2025-12-18 15:22:00
383  20251218  152300  46450.0  46450.0  46450.0  46450.0     0.0  1.452146e+09 2025-12-18 15:23:00
384  20251218  152400  46450.0  46450.0  46450.0  46450.0     0.0  1.452146e+09 2025-12-18 15:24:00
385  20251218  152500  46450.0  46450.0  46450.0  46450.0     0.0  1.452146e+09 2025-12-18 15:25:00
386  20251218  152600  46450.0  46450.0  46450.0  46450.0     0.0  1.452146e+09 2025-12-18 15:26:00
387  20251218  152700  46450.0  46450.0  46450.0  46450.0     0.0  1.452146e+09 2025-12-18 15:27:00
388  20251218  152800  46450.0  46450.0  46450.0  46450.0     0.0  1.452146e+09 2025-12-18 15:28:00

