=== 장 마감 후 분봉 데이터 덤프 ===
저장 시간: 2025-12-17 15:30:16
종목 수: 2
================================================================================

[002380] 분봉 데이터: 389건
--------------------------------------------------------------------------------
         date    time     close      open      high       low  volume        amount            datetime
0    20251217  090000  421500.0  424500.0  424500.0  421000.0   115.0  4.866950e+07 2025-12-17 09:00:00
1    20251217  090100  423500.0  422000.0  424000.0  421000.0    37.0  6.426800e+07 2025-12-17 09:01:00
2    20251217  090200  421000.0  421000.0  421500.0  418500.0    73.0  9.490250e+07 2025-12-17 09:02:00
3    20251217  090300  420500.0  421000.0  421000.0  419000.0    22.0  1.041415e+08 2025-12-17 09:03:00
4    20251217  090400  419000.0  419500.0  420000.0  418500.0   118.0  1.535655e+08 2025-12-17 09:04:00
5    20251217  090500  419000.0  418500.0  419000.0  418000.0    15.0  1.598420e+08 2025-12-17 09:05:00
6    20251217  090600  418000.0  418500.0  419000.0  418000.0    29.0  1.719695e+08 2025-12-17 09:06:00
7    20251217  090700  419000.0  418000.0  419000.0  418000.0    17.0  1.790770e+08 2025-12-17 09:07:00
8    20251217  090800  419000.0  418500.0  419000.0  418000.0   103.0  2.221910e+08 2025-12-17 09:08:00
9    20251217  090900  420500.0  420000.0  421000.0  420000.0    48.0  2.423750e+08 2025-12-17 09:09:00
10   20251217  091000  421500.0  421500.0  421500.0  420000.0    34.0  2.566910e+08 2025-12-17 09:10:00
11   20251217  091100  421500.0  421000.0  421500.0  420500.0    98.0  2.979715e+08 2025-12-17 09:11:00
12   20251217  091200  421000.0  421500.0  421500.0  421000.0    22.0  3.072435e+08 2025-12-17 09:12:00
13   20251217  091300  421000.0  421000.0  421000.0  421000.0     1.0  3.076645e+08 2025-12-17 09:13:00
14   20251217  091400  421500.0  421500.0  421500.0  421500.0     3.0  3.089290e+08 2025-12-17 09:14:00
15   20251217  091500  421500.0  421000.0  423500.0  421000.0    42.0  3.266400e+08 2025-12-17 09:15:00
16   20251217  091600  423000.0  423000.0  423000.0  421500.0    13.0  3.321280e+08 2025-12-17 09:16:00
17   20251217  091700  423000.0  422500.0  423000.0  421500.0    26.0  3.431000e+08 2025-12-17 09:17:00
18   20251217  091800  420500.0  421500.0  421500.0  420000.0    58.0  3.675055e+08 2025-12-17 09:18:00
19   20251217  091900  420000.0  420500.0  421000.0  419500.0   132.0  4.230580e+08 2025-12-17 09:19:00
20   20251217  092000  422000.0  420500.0  422000.0  420500.0     3.0  4.243225e+08 2025-12-17 09:20:00
21   20251217  092100  420500.0  422000.0  422000.0  420500.0    25.0  4.348710e+08 2025-12-17 09:21:00
22   20251217  092200  420500.0  421500.0  421500.0  420500.0    83.0  4.697970e+08 2025-12-17 09:22:00
23   20251217  092300  420000.0  420000.0  420500.0  420000.0    17.0  4.769445e+08 2025-12-17 09:23:00
24   20251217  092400  421000.0  420000.0  421000.0  420000.0    74.0  5.080515e+08 2025-12-17 09:24:00
25   20251217  092500  423000.0  421000.0  423000.0  420500.0    97.0  5.489315e+08 2025-12-17 09:25:00
26   20251217  092600  421500.0  423000.0  423000.0  421500.0    89.0  5.864930e+08 2025-12-17 09:26:00
27   20251217  092700  420000.0  421500.0  421500.0  420000.0    49.0  6.071035e+08 2025-12-17 09:27:00
28   20251217  092800  420500.0  420500.0  420500.0  420500.0    14.0  6.129905e+08 2025-12-17 09:28:00
29   20251217  092900  420500.0  420500.0  420500.0  420500.0    10.0  6.171955e+08 2025-12-17 09:29:00
30   20251217  093000  421000.0  420500.0  421500.0  420500.0    31.0  6.302530e+08 2025-12-17 09:30:00
31   20251217  093100  421500.0  421500.0  421500.0  421000.0    21.0  6.390995e+08 2025-12-17 09:31:00
32   20251217  093200  421500.0  421500.0  421500.0  421500.0     0.0  6.390995e+08 2025-12-17 09:32:00
33   20251217  093300  421500.0  421000.0  421500.0  421000.0    26.0  6.500460e+08 2025-12-17 09:33:00
34   20251217  093400  423500.0  421500.0  423500.0  421500.0   115.0  6.985685e+08 2025-12-17 09:34:00
35   20251217  093500  423000.0  422500.0  423000.0  422500.0     6.0  7.011040e+08 2025-12-17 09:35:00
36   20251217  093600  423000.0  423000.0  423000.0  423000.0     3.0  7.023730e+08 2025-12-17 09:36:00
37   20251217  093700  424500.0  422500.0  424500.0  422500.0    61.0  7.281990e+08 2025-12-17 09:37:00
38   20251217  093800  424000.0  424000.0  424000.0  423000.0   119.0  7.786540e+08 2025-12-17 09:38:00
39   20251217  093900  423500.0  424000.0  424000.0  423500.0     3.0  7.799250e+08 2025-12-17 09:39:00
40   20251217  094000  423500.0  424000.0  424500.0  423500.0    79.0  8.134300e+08 2025-12-17 09:40:00
41   20251217  094100  424000.0  424000.0  425500.0  424000.0   221.0  9.072760e+08 2025-12-17 09:41:00
42   20251217  094200  424500.0  424000.0  424500.0  424000.0    21.0  9.161860e+08 2025-12-17 09:42:00
43   20251217  094300  424500.0  424500.0  424500.0  424500.0     8.0  9.195820e+08 2025-12-17 09:43:00
44   20251217  094400  424500.0  424500.0  424500.0  424000.0     6.0  9.221280e+08 2025-12-17 09:44:00
45   20251217  094500  424000.0  424000.0  424000.0  424000.0    27.0  9.335760e+08 2025-12-17 09:45:00
46   20251217  094600  423500.0  424000.0  424000.0  423500.0    44.0  9.522150e+08 2025-12-17 09:46:00
47   20251217  094700  423500.0  424000.0  424000.0  423500.0     7.0  9.551820e+08 2025-12-17 09:47:00
48   20251217  094800  422500.0  423500.0  423500.0  422500.0   237.0  1.055356e+09 2025-12-17 09:48:00
49   20251217  094900  422000.0  422000.0  422500.0  422000.0    10.0  1.059577e+09 2025-12-17 09:49:00
50   20251217  095000  423000.0  421500.0  423000.0  421500.0    25.0  1.070126e+09 2025-12-17 09:50:00
51   20251217  095100  423000.0  422500.0  423000.0  422500.0     7.0  1.073086e+09 2025-12-17 09:51:00
52   20251217  095200  423000.0  423000.0  423000.0  423000.0     4.0  1.074778e+09 2025-12-17 09:52:00
53   20251217  095300  422000.0  423000.0  423000.0  422000.0     7.0  1.077738e+09 2025-12-17 09:53:00
54   20251217  095400  421000.0  422000.0  422000.0  421000.0   177.0  1.152386e+09 2025-12-17 09:54:00
55   20251217  095500  420500.0  420500.0  420500.0  420500.0    48.0  1.172570e+09 2025-12-17 09:55:00
56   20251217  095600  420000.0  420500.0  420500.0  420000.0    29.0  1.184755e+09 2025-12-17 09:56:00
57   20251217  095700  421000.0  420000.0  421000.0  419500.0    13.0  1.190216e+09 2025-12-17 09:57:00
58   20251217  095800  420500.0  421000.0  421000.0  420500.0    17.0  1.197366e+09 2025-12-17 09:58:00
59   20251217  095900  421000.0  421000.0  421000.0  421000.0    27.0  1.208733e+09 2025-12-17 09:59:00
60   20251217  100000  422000.0  421500.0  422000.0  421500.0    15.0  1.215056e+09 2025-12-17 10:00:00
61   20251217  100100  422000.0  422000.0  422500.0  421500.0    35.0  1.229832e+09 2025-12-17 10:01:00
62   20251217  100200  422000.0  422500.0  422500.0  422000.0    15.0  1.236162e+09 2025-12-17 10:02:00
63   20251217  100300  422500.0  422500.0  422500.0  422500.0     2.0  1.237007e+09 2025-12-17 10:03:00
64   20251217  100400  422000.0  422000.0  422500.0  422000.0     6.0  1.239540e+09 2025-12-17 10:04:00
65   20251217  100500  423500.0  422500.0  423500.0  422500.0    40.0  1.256452e+09 2025-12-17 10:05:00
66   20251217  100600  422500.0  423500.0  424000.0  422500.0    45.0  1.275484e+09 2025-12-17 10:06:00
67   20251217  100700  423000.0  424000.0  424000.0  423000.0    25.0  1.286078e+09 2025-12-17 10:07:00
68   20251217  100800  422500.0  423000.0  423000.0  422500.0    22.0  1.295384e+09 2025-12-17 10:08:00
69   20251217  100900  423000.0  423000.0  423000.0  423000.0     2.0  1.296230e+09 2025-12-17 10:09:00
70   20251217  101000  422500.0  423000.0  423000.0  422500.0    28.0  1.308074e+09 2025-12-17 10:10:00
71   20251217  101100  423000.0  423000.0  423000.0  423000.0     1.0  1.308496e+09 2025-12-17 10:11:00
72   20251217  101200  422500.0  422500.0  423000.0  422500.0     9.0  1.312302e+09 2025-12-17 10:12:00
73   20251217  101300  423000.0  423000.0  423000.0  423000.0     2.0  1.313148e+09 2025-12-17 10:13:00
74   20251217  101400  422500.0  422500.0  423000.0  422500.0    11.0  1.317796e+09 2025-12-17 10:14:00
75   20251217  101500  422000.0  422500.0  422500.0  421500.0    91.0  1.356206e+09 2025-12-17 10:15:00
76   20251217  101600  422000.0  421500.0  422000.0  421000.0    46.0  1.375588e+09 2025-12-17 10:16:00
77   20251217  101700  422500.0  422500.0  422500.0  422500.0    23.0  1.385305e+09 2025-12-17 10:17:00
78   20251217  101800  422000.0  422500.0  422500.0  422000.0    11.0  1.389948e+09 2025-12-17 10:18:00
79   20251217  101900  421500.0  422000.0  422000.0  421500.0    31.0  1.403026e+09 2025-12-17 10:19:00
80   20251217  102000  422000.0  421500.0  422000.0  421500.0     3.0  1.404292e+09 2025-12-17 10:20:00
81   20251217  102100  422000.0  422000.0  422000.0  421500.0     4.0  1.405979e+09 2025-12-17 10:21:00
82   20251217  102200  422500.0  422000.0  422500.0  422000.0     7.0  1.408934e+09 2025-12-17 10:22:00
83   20251217  102300  422500.0  422500.0  422500.0  422500.0    25.0  1.419496e+09 2025-12-17 10:23:00
84   20251217  102400  423000.0  423000.0  423000.0  423000.0     3.0  1.420765e+09 2025-12-17 10:24:00
85   20251217  102500  423000.0  423000.0  423000.0  422500.0    14.0  1.426686e+09 2025-12-17 10:25:00
86   20251217  102600  422500.0  423000.0  423000.0  422500.0     3.0  1.427954e+09 2025-12-17 10:26:00
87   20251217  102700  422500.0  423000.0  423000.0  422500.0     9.0  1.431758e+09 2025-12-17 10:27:00
88   20251217  102800  422500.0  422500.0  422500.0  422500.0     2.0  1.432603e+09 2025-12-17 10:28:00
89   20251217  102900  423000.0  422500.0  423000.0  422500.0    56.0  1.456264e+09 2025-12-17 10:29:00
90   20251217  103000  423000.0  423000.0  423000.0  423000.0     4.0  1.457956e+09 2025-12-17 10:30:00
91   20251217  103100  423000.0  423000.0  423500.0  423000.0    21.0  1.466840e+09 2025-12-17 10:31:00
92   20251217  103200  423000.0  423000.0  423000.0  423000.0    11.0  1.471494e+09 2025-12-17 10:32:00
93   20251217  103300  422500.0  423000.0  423000.0  422500.0     2.0  1.472339e+09 2025-12-17 10:33:00
94   20251217  103400  422500.0  422500.0  423000.0  422500.0     6.0  1.474876e+09 2025-12-17 10:34:00
95   20251217  103500  422500.0  422500.0  423000.0  422500.0     7.0  1.477834e+09 2025-12-17 10:35:00
96   20251217  103600  423000.0  422500.0  423000.0  422500.0     2.0  1.478680e+09 2025-12-17 10:36:00
97   20251217  103700  423000.0  423000.0  423000.0  423000.0     4.0  1.480372e+09 2025-12-17 10:37:00
98   20251217  103800  423000.0  422500.0  423000.0  422500.0    10.0  1.484597e+09 2025-12-17 10:38:00
99   20251217  103900  422500.0  422500.0  423000.0  422500.0     8.0  1.487978e+09 2025-12-17 10:39:00
100  20251217  104000  422500.0  422500.0  422500.0  422000.0     8.0  1.491355e+09 2025-12-17 10:40:00
101  20251217  104100  423000.0  422500.0  423000.0  422500.0    13.0  1.496848e+09 2025-12-17 10:41:00
102  20251217  104200  423000.0  423000.0  423000.0  423000.0     7.0  1.499809e+09 2025-12-17 10:42:00
103  20251217  104300  424000.0  422500.0  424000.0  422500.0   124.0  1.552321e+09 2025-12-17 10:43:00
104  20251217  104400  423500.0  424000.0  424000.0  423500.0     2.0  1.553168e+09 2025-12-17 10:44:00
105  20251217  104500  423000.0  423000.0  423000.0  423000.0     1.0  1.553592e+09 2025-12-17 10:45:00
106  20251217  104600  423000.0  424000.0  424000.0  423000.0     3.0  1.554862e+09 2025-12-17 10:46:00
107  20251217  104700  424000.0  423500.0  424000.0  423500.0     5.0  1.556982e+09 2025-12-17 10:47:00
108  20251217  104800  424000.0  424000.0  424500.0  424000.0    31.0  1.570126e+09 2025-12-17 10:48:00
109  20251217  104900  423500.0  424000.0  424000.0  423500.0     9.0  1.573941e+09 2025-12-17 10:49:00
110  20251217  105000  423500.0  423500.0  424000.0  423500.0    12.0  1.579024e+09 2025-12-17 10:50:00
111  20251217  105100  423500.0  423500.0  424000.0  423500.0    42.0  1.596816e+09 2025-12-17 10:51:00
112  20251217  105200  424000.0  423500.0  424000.0  423500.0    14.0  1.602748e+09 2025-12-17 10:52:00
113  20251217  105300  423500.0  423500.0  424000.0  423500.0    11.0  1.607408e+09 2025-12-17 10:53:00
114  20251217  105400  423500.0  424000.0  424000.0  423500.0    35.0  1.622231e+09 2025-12-17 10:54:00
115  20251217  105500  423500.0  423500.0  423500.0  423500.0     5.0  1.624348e+09 2025-12-17 10:55:00
116  20251217  105600  424000.0  424000.0  424000.0  423500.0    25.0  1.634948e+09 2025-12-17 10:56:00
117  20251217  105700  424000.0  424000.0  424500.0  424000.0    15.0  1.641309e+09 2025-12-17 10:57:00
118  20251217  105800  424000.0  424000.0  424500.0  424000.0    12.0  1.646400e+09 2025-12-17 10:58:00
119  20251217  105900  424000.0  424500.0  424500.0  424000.0    52.0  1.668448e+09 2025-12-17 10:59:00
120  20251217  110000  425500.0  424500.0  425500.0  424500.0   145.0  1.730041e+09 2025-12-17 11:00:00
121  20251217  110100  425000.0  425000.0  425500.0  425000.0     9.0  1.733869e+09 2025-12-17 11:01:00
122  20251217  110200  425000.0  424000.0  425000.0  424000.0    14.0  1.739812e+09 2025-12-17 11:02:00
123  20251217  110300  424500.0  424500.0  424500.0  424500.0     3.0  1.741086e+09 2025-12-17 11:03:00
124  20251217  110400  425000.0  425500.0  425500.0  425000.0    11.0  1.745763e+09 2025-12-17 11:04:00
125  20251217  110500  424500.0  425000.0  425000.0  424500.0    10.0  1.750012e+09 2025-12-17 11:05:00
126  20251217  110600  425000.0  424500.0  425000.0  424500.0     8.0  1.753412e+09 2025-12-17 11:06:00
127  20251217  110700  425000.0  424500.0  425000.0  424500.0    14.0  1.759360e+09 2025-12-17 11:07:00
128  20251217  110800  424500.0  424500.0  424500.0  424500.0     3.0  1.760633e+09 2025-12-17 11:08:00
129  20251217  110900  424500.0  425000.0  425000.0  424500.0    16.0  1.767429e+09 2025-12-17 11:09:00
130  20251217  111000  425000.0  424500.0  425000.0  424500.0     4.0  1.769128e+09 2025-12-17 11:10:00
131  20251217  111100  425000.0  425000.0  425000.0  425000.0    18.0  1.776778e+09 2025-12-17 11:11:00
132  20251217  111200  425000.0  424500.0  425000.0  424500.0    15.0  1.783151e+09 2025-12-17 11:12:00
133  20251217  111300  425000.0  425000.0  425000.0  424500.0     8.0  1.786548e+09 2025-12-17 11:13:00
134  20251217  111400  424500.0  425000.0  425000.0  424500.0     8.0  1.789948e+09 2025-12-17 11:14:00
135  20251217  111500  425000.0  424500.0  425000.0  424500.0     6.0  1.792496e+09 2025-12-17 11:15:00
136  20251217  111600  423500.0  424500.0  424500.0  423500.0    59.0  1.817502e+09 2025-12-17 11:16:00
137  20251217  111700  423500.0  423000.0  423500.0  423000.0    10.0  1.821734e+09 2025-12-17 11:17:00
138  20251217  111800  423000.0  423500.0  423500.0  423000.0     5.0  1.823850e+09 2025-12-17 11:18:00
139  20251217  111900  423000.0  423000.0  423000.0  423000.0     3.0  1.825119e+09 2025-12-17 11:19:00
140  20251217  112000  423500.0  423500.0  423500.0  423500.0     9.0  1.828930e+09 2025-12-17 11:20:00
141  20251217  112100  423000.0  423500.0  423500.0  423000.0     7.0  1.831892e+09 2025-12-17 11:21:00
142  20251217  112200  423500.0  423500.0  423500.0  423000.0    13.0  1.837394e+09 2025-12-17 11:22:00
143  20251217  112300  423500.0  423500.0  423500.0  423500.0     9.0  1.841206e+09 2025-12-17 11:23:00
144  20251217  112400  423500.0  423500.0  423500.0  423000.0    18.0  1.848828e+09 2025-12-17 11:24:00
145  20251217  112500  423000.0  423000.0  423000.0  423000.0     1.0  1.849250e+09 2025-12-17 11:25:00
146  20251217  112600  423000.0  423000.0  423500.0  423000.0     6.0  1.851789e+09 2025-12-17 11:26:00
147  20251217  112700  424000.0  423500.0  424000.0  423000.0    10.0  1.856022e+09 2025-12-17 11:27:00
148  20251217  112800  423500.0  424000.0  424000.0  423500.0    18.0  1.863654e+09 2025-12-17 11:28:00
149  20251217  112900  424000.0  424000.0  424500.0  424000.0    21.0  1.872562e+09 2025-12-17 11:29:00
150  20251217  113000  424500.0  424500.0  425000.0  424000.0   110.0  1.919264e+09 2025-12-17 11:30:00
151  20251217  113100  424000.0  424000.0  424000.0  424000.0     1.0  1.919688e+09 2025-12-17 11:31:00
152  20251217  113200  424000.0  424500.0  424500.0  424000.0    32.0  1.933270e+09 2025-12-17 11:32:00
153  20251217  113300  424500.0  424000.0  425000.0  424000.0    11.0  1.937938e+09 2025-12-17 11:33:00
154  20251217  113400  424500.0  424500.0  424500.0  424000.0    10.0  1.942182e+09 2025-12-17 11:34:00
155  20251217  113500  424000.0  424000.0  424000.0  424000.0     1.0  1.942606e+09 2025-12-17 11:35:00
156  20251217  113600  424000.0  424500.0  424500.0  424000.0    11.0  1.947274e+09 2025-12-17 11:36:00
157  20251217  113700  424500.0  424000.0  424500.0  424000.0     7.0  1.950243e+09 2025-12-17 11:37:00
158  20251217  113800  423500.0  424500.0  425000.0  423500.0    58.0  1.974839e+09 2025-12-17 11:38:00
159  20251217  113900  424000.0  424000.0  424000.0  423500.0     7.0  1.977805e+09 2025-12-17 11:39:00
160  20251217  114000  423500.0  424000.0  424000.0  423500.0     8.0  1.981195e+09 2025-12-17 11:40:00
161  20251217  114100  424000.0  423500.0  424000.0  423500.0     8.0  1.984586e+09 2025-12-17 11:41:00
162  20251217  114200  424000.0  423500.0  424000.0  423500.0     4.0  1.986281e+09 2025-12-17 11:42:00
163  20251217  114300  423500.0  424000.0  424000.0  423500.0     8.0  1.989672e+09 2025-12-17 11:43:00
164  20251217  114400  423500.0  423500.0  424000.0  423500.0     8.0  1.993061e+09 2025-12-17 11:44:00
165  20251217  114500  423500.0  424000.0  424000.0  423500.0     2.0  1.993908e+09 2025-12-17 11:45:00
166  20251217  114600  424000.0  424000.0  424000.0  424000.0     7.0  1.996876e+09 2025-12-17 11:46:00
167  20251217  114700  423500.0  423500.0  424000.0  423500.0    15.0  2.003230e+09 2025-12-17 11:47:00
168  20251217  114800  424000.0  424000.0  424000.0  424000.0    13.0  2.008742e+09 2025-12-17 11:48:00
169  20251217  114900  425000.0  424000.0  425000.0  424000.0    35.0  2.023602e+09 2025-12-17 11:49:00
170  20251217  115000  424500.0  424500.0  424500.0  424500.0     8.0  2.026998e+09 2025-12-17 11:50:00
171  20251217  115100  424500.0  424500.0  425000.0  424500.0     8.0  2.030394e+09 2025-12-17 11:51:00
172  20251217  115200  424500.0  424000.0  424500.0  424000.0     6.0  2.032939e+09 2025-12-17 11:52:00
173  20251217  115300  424000.0  424000.0  424000.0  423000.0   155.0  2.098590e+09 2025-12-17 11:53:00
174  20251217  115400  424000.0  424000.0  424500.0  423500.0    23.0  2.108336e+09 2025-12-17 11:54:00
175  20251217  115500  423500.0  423500.0  423500.0  423500.0     4.0  2.110030e+09 2025-12-17 11:55:00
176  20251217  115600  423500.0  423500.0  423500.0  423500.0     0.0  2.110030e+09 2025-12-17 11:56:00
177  20251217  115700  424000.0  424000.0  424000.0  423500.0    14.0  2.115964e+09 2025-12-17 11:57:00
178  20251217  115800  423500.0  423500.0  423500.0  423500.0     3.0  2.117234e+09 2025-12-17 11:58:00
179  20251217  115900  423500.0  424000.0  424000.0  423500.0    11.0  2.121893e+09 2025-12-17 11:59:00
180  20251217  120000  424000.0  424000.0  424000.0  424000.0    11.0  2.126557e+09 2025-12-17 12:00:00
181  20251217  120100  424000.0  424000.0  424000.0  424000.0     1.0  2.126981e+09 2025-12-17 12:01:00
182  20251217  120200  424000.0  423500.0  424000.0  423500.0    11.0  2.131642e+09 2025-12-17 12:02:00
183  20251217  120300  424000.0  423500.0  424000.0  423500.0     5.0  2.133762e+09 2025-12-17 12:03:00
184  20251217  120400  423500.0  423500.0  423500.0  423000.0    90.0  2.171848e+09 2025-12-17 12:04:00
185  20251217  120500  422500.0  423000.0  423500.0  422500.0   418.0  2.348656e+09 2025-12-17 12:05:00
186  20251217  120600  424000.0  423000.0  424500.0  423000.0   125.0  2.401666e+09 2025-12-17 12:06:00
187  20251217  120700  424000.0  424000.0  424000.0  423500.0   101.0  2.444488e+09 2025-12-17 12:07:00
188  20251217  120800  424500.0  424000.0  425000.0  424000.0   138.0  2.503054e+09 2025-12-17 12:08:00
189  20251217  120900  424000.0  423500.0  424500.0  423500.0   284.0  2.623514e+09 2025-12-17 12:09:00
190  20251217  121000  424000.0  424500.0  424500.0  424000.0   101.0  2.666388e+09 2025-12-17 12:10:00
191  20251217  121100  424500.0  424000.0  424500.0  424000.0    46.0  2.685892e+09 2025-12-17 12:11:00
192  20251217  121200  424000.0  423500.0  424500.0  423500.0   106.0  2.730881e+09 2025-12-17 12:12:00
193  20251217  121300  424500.0  424500.0  424500.0  424500.0     7.0  2.733852e+09 2025-12-17 12:13:00
194  20251217  121400  424000.0  424000.0  424000.0  424000.0    26.0  2.744876e+09 2025-12-17 12:14:00
195  20251217  121500  424500.0  424000.0  424500.0  423500.0    30.0  2.757591e+09 2025-12-17 12:15:00
196  20251217  121600  424000.0  424000.0  424000.0  423500.0   112.0  2.805078e+09 2025-12-17 12:16:00
197  20251217  121700  423500.0  423500.0  423500.0  423500.0     7.0  2.808042e+09 2025-12-17 12:17:00
198  20251217  121800  424000.0  424000.0  424000.0  423500.0     9.0  2.811858e+09 2025-12-17 12:18:00
199  20251217  121900  423500.0  423500.0  423500.0  423500.0     4.0  2.813552e+09 2025-12-17 12:19:00
200  20251217  122000  424000.0  423500.0  424000.0  423500.0    13.0  2.819062e+09 2025-12-17 12:20:00
201  20251217  122100  424000.0  424000.0  424000.0  424000.0     2.0  2.819910e+09 2025-12-17 12:21:00
202  20251217  122200  423500.0  423500.0  423500.0  423500.0     4.0  2.821604e+09 2025-12-17 12:22:00
203  20251217  122300  423500.0  424000.0  424000.0  423500.0     7.0  2.824570e+09 2025-12-17 12:23:00
204  20251217  122400  424000.0  424000.0  424000.0  423500.0    14.0  2.830503e+09 2025-12-17 12:24:00
205  20251217  122500  424000.0  424000.0  424000.0  424000.0     0.0  2.830503e+09 2025-12-17 12:25:00
206  20251217  122600  424000.0  423500.0  424000.0  423500.0    12.0  2.835590e+09 2025-12-17 12:26:00
207  20251217  122700  423500.0  423500.0  424000.0  423500.0    10.0  2.839826e+09 2025-12-17 12:27:00
208  20251217  122800  423500.0  423500.0  423500.0  423500.0    25.0  2.850413e+09 2025-12-17 12:28:00
209  20251217  122900  423500.0  424000.0  424000.0  423500.0     7.0  2.853379e+09 2025-12-17 12:29:00
210  20251217  123000  424500.0  424000.0  424500.0  424000.0   183.0  2.931030e+09 2025-12-17 12:30:00
211  20251217  123100  424000.0  424500.0  424500.0  423500.0   109.0  2.977242e+09 2025-12-17 12:31:00
212  20251217  123200  424500.0  424000.0  424500.0  423500.0    13.0  2.982753e+09 2025-12-17 12:32:00
213  20251217  123300  424500.0  425000.0  425000.0  424500.0     6.0  2.985302e+09 2025-12-17 12:33:00
214  20251217  123400  424500.0  425000.0  425000.0  424500.0    13.0  2.990824e+09 2025-12-17 12:34:00
215  20251217  123500  424500.0  424500.0  424500.0  424500.0    94.0  3.030727e+09 2025-12-17 12:35:00
216  20251217  123600  424000.0  424000.0  424500.0  424000.0    19.0  3.038784e+09 2025-12-17 12:36:00
217  20251217  123700  424500.0  424000.0  425000.0  424000.0   200.0  3.123663e+09 2025-12-17 12:37:00
218  20251217  123800  424500.0  424000.0  424500.0  424000.0   187.0  3.203044e+09 2025-12-17 12:38:00
219  20251217  123900  424500.0  424500.0  425500.0  424500.0   216.0  3.294851e+09 2025-12-17 12:39:00
220  20251217  124000  424500.0  424500.0  424500.0  424500.0    39.0  3.311406e+09 2025-12-17 12:40:00
221  20251217  124100  425000.0  424500.0  425000.0  424500.0     5.0  3.313530e+09 2025-12-17 12:41:00
222  20251217  124200  425500.0  424500.0  425500.0  424500.0   336.0  3.456297e+09 2025-12-17 12:42:00
223  20251217  124300  424500.0  424500.0  424500.0  424500.0   254.0  3.564120e+09 2025-12-17 12:43:00
224  20251217  124400  425000.0  425500.0  425500.0  425000.0   155.0  3.629996e+09 2025-12-17 12:44:00
225  20251217  124500  425000.0  425000.0  425000.0  425000.0    19.0  3.638070e+09 2025-12-17 12:45:00
226  20251217  124600  425000.0  425000.0  425000.0  425000.0     4.0  3.639770e+09 2025-12-17 12:46:00
227  20251217  124700  424500.0  425000.0  425000.0  424500.0    10.0  3.644019e+09 2025-12-17 12:47:00
228  20251217  124800  424500.0  424500.0  425000.0  424500.0    11.0  3.648692e+09 2025-12-17 12:48:00
229  20251217  124900  425000.0  424500.0  425000.0  424500.0     9.0  3.652515e+09 2025-12-17 12:49:00
230  20251217  125000  425000.0  424500.0  425000.0  424500.0    52.0  3.674594e+09 2025-12-17 12:50:00
231  20251217  125100  424500.0  424500.0  424500.0  424500.0     1.0  3.675018e+09 2025-12-17 12:51:00
232  20251217  125200  424500.0  424500.0  425000.0  424500.0    11.0  3.679688e+09 2025-12-17 12:52:00
233  20251217  125300  424500.0  424500.0  425000.0  424500.0    14.0  3.685636e+09 2025-12-17 12:53:00
234  20251217  125400  425000.0  425000.0  425000.0  424500.0     6.0  3.688184e+09 2025-12-17 12:54:00
235  20251217  125500  424500.0  424500.0  424500.0  424500.0     6.0  3.690730e+09 2025-12-17 12:55:00
236  20251217  125600  425000.0  425000.0  425000.0  424500.0    11.0  3.695404e+09 2025-12-17 12:56:00
237  20251217  125700  425000.0  424500.0  425000.0  424500.0     5.0  3.697528e+09 2025-12-17 12:57:00
238  20251217  125800  425000.0  424500.0  425000.0  424500.0    18.0  3.705172e+09 2025-12-17 12:58:00
239  20251217  125900  424500.0  424500.0  424500.0  424500.0    11.0  3.709842e+09 2025-12-17 12:59:00
240  20251217  130000  424500.0  425000.0  425000.0  424500.0    22.0  3.719184e+09 2025-12-17 13:00:00
241  20251217  130100  424500.0  424750.0  425000.0  424500.0    16.0  3.725979e+09 2025-12-17 13:01:00
242  20251217  130200  424750.0  424500.0  424750.0  424500.0     5.0  3.728102e+09 2025-12-17 13:02:00
243  20251217  130300  425000.0  424500.0  425000.0  424500.0    11.0  3.732776e+09 2025-12-17 13:03:00
244  20251217  130400  424500.0  424500.0  424500.0  424500.0     4.0  3.734474e+09 2025-12-17 13:04:00
245  20251217  130500  425000.0  424500.0  425000.0  424500.0     2.0  3.735324e+09 2025-12-17 13:05:00
246  20251217  130600  425000.0  425000.0  425000.0  424500.0    13.0  3.740847e+09 2025-12-17 13:06:00
247  20251217  130700  425000.0  424500.0  425000.0  424500.0     5.0  3.742970e+09 2025-12-17 13:07:00
248  20251217  130800  424500.0  424500.0  424500.0  424500.0     2.0  3.743819e+09 2025-12-17 13:08:00
249  20251217  130900  425000.0  424500.0  425000.0  424500.0    12.0  3.748918e+09 2025-12-17 13:09:00
250  20251217  131000  426000.0  425000.0  426000.0  424500.0   137.0  3.807211e+09 2025-12-17 13:10:00
251  20251217  131100  425500.0  426000.0  426000.0  425500.0    38.0  3.823394e+09 2025-12-17 13:11:00
252  20251217  131200  425500.0  425500.0  425500.0  425500.0     5.0  3.825521e+09 2025-12-17 13:12:00
253  20251217  131300  426000.0  425500.0  426000.0  425500.0    33.0  3.839566e+09 2025-12-17 13:13:00
254  20251217  131400  426000.0  426000.0  426000.0  425500.0    10.0  3.843824e+09 2025-12-17 13:14:00
255  20251217  131500  425500.0  426000.0  426000.0  425500.0     4.0  3.845528e+09 2025-12-17 13:15:00
256  20251217  131600  425500.0  426000.0  426000.0  425500.0     5.0  3.847657e+09 2025-12-17 13:16:00
257  20251217  131700  425000.0  425500.0  425500.0  425000.0    30.0  3.860420e+09 2025-12-17 13:17:00
258  20251217  131800  425250.0  425250.0  425250.0  425250.0     1.0  3.860845e+09 2025-12-17 13:18:00
259  20251217  131900  425000.0  425000.0  425000.0  425000.0     5.0  3.862970e+09 2025-12-17 13:19:00
260  20251217  132000  425500.0  425500.0  425500.0  425500.0     9.0  3.866800e+09 2025-12-17 13:20:00
261  20251217  132100  425500.0  425000.0  425500.0  425000.0     5.0  3.868925e+09 2025-12-17 13:21:00
262  20251217  132200  425500.0  425000.0  425500.0  425000.0     6.0  3.871476e+09 2025-12-17 13:22:00
263  20251217  132300  425500.0  425500.0  425500.0  425000.0    11.0  3.876155e+09 2025-12-17 13:23:00
264  20251217  132400  425000.0  425000.0  425500.0  425000.0    25.0  3.886782e+09 2025-12-17 13:24:00
265  20251217  132500  425500.0  425000.0  425500.0  425000.0     8.0  3.890185e+09 2025-12-17 13:25:00
266  20251217  132600  425500.0  425500.0  425500.0  425500.0     4.0  3.891887e+09 2025-12-17 13:26:00
267  20251217  132700  424500.0  425000.0  425000.0  424500.0    36.0  3.907186e+09 2025-12-17 13:27:00
268  20251217  132800  425000.0  424500.0  425000.0  424500.0     4.0  3.908885e+09 2025-12-17 13:28:00
269  20251217  132900  424500.0  425000.0  425000.0  424500.0    93.0  3.948365e+09 2025-12-17 13:29:00
270  20251217  133000  425500.0  424500.0  425500.0  424000.0   334.0  4.090188e+09 2025-12-17 13:30:00
271  20251217  133100  425500.0  425000.0  425500.0  424500.0   124.0  4.142906e+09 2025-12-17 13:31:00
272  20251217  133200  425500.0  424500.0  425500.0  424500.0    91.0  4.181621e+09 2025-12-17 13:32:00
273  20251217  133300  425000.0  425500.0  426000.0  425000.0    15.0  4.188000e+09 2025-12-17 13:33:00
274  20251217  133400  425500.0  424500.0  425500.0  424500.0    96.0  4.228830e+09 2025-12-17 13:34:00
275  20251217  133500  425000.0  425000.0  425000.0  425000.0     1.0  4.229255e+09 2025-12-17 13:35:00
276  20251217  133600  425000.0  425000.0  426000.0  424500.0   123.0  4.281607e+09 2025-12-17 13:36:00
277  20251217  133700  424500.0  424500.0  424500.0  424500.0    51.0  4.303256e+09 2025-12-17 13:37:00
278  20251217  133800  424500.0  424500.0  424500.0  424500.0     1.0  4.303681e+09 2025-12-17 13:38:00
279  20251217  133900  424000.0  424500.0  424500.0  424000.0    75.0  4.335490e+09 2025-12-17 13:39:00
280  20251217  134000  423500.0  423500.0  423500.0  423500.0    12.0  4.340572e+09 2025-12-17 13:40:00
281  20251217  134100  425000.0  423500.0  425000.0  423500.0   232.0  4.438979e+09 2025-12-17 13:41:00
282  20251217  134200  423500.0  424000.0  424000.0  423500.0     9.0  4.442791e+09 2025-12-17 13:42:00
283  20251217  134300  423500.0  423500.0  424000.0  423500.0     5.0  4.444910e+09 2025-12-17 13:43:00
284  20251217  134400  424000.0  424000.0  424000.0  423500.0    13.0  4.450420e+09 2025-12-17 13:44:00
285  20251217  134500  423500.0  424000.0  424000.0  423500.0     4.0  4.452115e+09 2025-12-17 13:45:00
286  20251217  134600  424000.0  423500.0  424000.0  423500.0    13.0  4.457626e+09 2025-12-17 13:46:00
287  20251217  134700  423500.0  424000.0  424000.0  423500.0     8.0  4.461015e+09 2025-12-17 13:47:00
288  20251217  134800  424000.0  424000.0  424000.0  424000.0     2.0  4.461863e+09 2025-12-17 13:48:00
289  20251217  134900  424000.0  423500.0  424000.0  423500.0    16.0  4.468644e+09 2025-12-17 13:49:00
290  20251217  135000  423500.0  423500.0  424000.0  423500.0    18.0  4.476267e+09 2025-12-17 13:50:00
291  20251217  135100  423500.0  423500.0  424500.0  423500.0    95.0  4.516571e+09 2025-12-17 13:51:00
292  20251217  135200  425000.0  423500.0  425000.0  423500.0    98.0  4.558210e+09 2025-12-17 13:52:00
293  20251217  135300  424000.0  424500.0  424500.0  424000.0     9.0  4.562030e+09 2025-12-17 13:53:00
294  20251217  135400  424500.0  424000.0  424500.0  424000.0    29.0  4.574329e+09 2025-12-17 13:54:00
295  20251217  135500  423500.0  424000.0  424500.0  423500.0     3.0  4.575601e+09 2025-12-17 13:55:00
296  20251217  135600  423500.0  423500.0  424000.0  423500.0    17.0  4.582803e+09 2025-12-17 13:56:00
297  20251217  135700  424500.0  424000.0  425000.0  423500.0    25.0  4.593408e+09 2025-12-17 13:57:00
298  20251217  135800  423500.0  424000.0  424000.0  423500.0     2.0  4.594256e+09 2025-12-17 13:58:00
299  20251217  135900  423000.0  423500.0  424500.0  423000.0   126.0  4.647691e+09 2025-12-17 13:59:00
300  20251217  140000  422500.0  423500.0  423500.0  422500.0    60.0  4.673071e+09 2025-12-17 14:00:00
301  20251217  140100  422500.0  423000.0  423000.0  422000.0    73.0  4.703909e+09 2025-12-17 14:01:00
302  20251217  140200  422500.0  422500.0  422500.0  422000.0    21.0  4.712776e+09 2025-12-17 14:02:00
303  20251217  140300  422000.0  422000.0  422500.0  422000.0    31.0  4.725862e+09 2025-12-17 14:03:00
304  20251217  140400  422000.0  422500.0  422500.0  422000.0    17.0  4.733039e+09 2025-12-17 14:04:00
305  20251217  140500  423500.0  422500.0  423500.0  422000.0   104.0  4.777050e+09 2025-12-17 14:05:00
306  20251217  140600  422000.0  422000.0  422500.0  422000.0    27.0  4.788448e+09 2025-12-17 14:06:00
307  20251217  140700  422000.0  422000.0  423000.0  422000.0   110.0  4.834950e+09 2025-12-17 14:07:00
308  20251217  140800  422500.0  422000.0  422500.0  422000.0    14.0  4.840861e+09 2025-12-17 14:08:00
309  20251217  140900  422000.0  422500.0  423000.0  421500.0   103.0  4.884407e+09 2025-12-17 14:09:00
310  20251217  141000  423000.0  421500.0  423000.0  421500.0   118.0  4.934286e+09 2025-12-17 14:10:00
311  20251217  141100  422000.0  422000.0  422000.0  422000.0    10.0  4.938506e+09 2025-12-17 14:11:00
312  20251217  141200  422000.0  422000.0  422000.0  421500.0    20.0  4.946942e+09 2025-12-17 14:12:00
313  20251217  141300  421500.0  422000.0  422000.0  421500.0    27.0  4.958325e+09 2025-12-17 14:13:00
314  20251217  141400  422000.0  422000.0  422500.0  421500.0    42.0  4.976047e+09 2025-12-17 14:14:00
315  20251217  141500  422000.0  422000.0  422500.0  421500.0   166.0  5.046096e+09 2025-12-17 14:15:00
316  20251217  141600  421000.0  421500.0  421500.0  421000.0    35.0  5.060844e+09 2025-12-17 14:16:00
317  20251217  141700  421000.0  421500.0  421500.0  421000.0    42.0  5.078537e+09 2025-12-17 14:17:00
318  20251217  141800  421500.0  421500.0  422000.0  421500.0    20.0  5.086968e+09 2025-12-17 14:18:00
319  20251217  141900  422000.0  421500.0  423500.0  421500.0   139.0  5.145742e+09 2025-12-17 14:19:00
320  20251217  142000  422000.0  421500.0  422000.0  421000.0    43.0  5.163867e+09 2025-12-17 14:20:00
321  20251217  142100  421000.0  422000.0  422000.0  421000.0    17.0  5.171030e+09 2025-12-17 14:21:00
322  20251217  142200  421500.0  421500.0  422000.0  421500.0    26.0  5.181994e+09 2025-12-17 14:22:00
323  20251217  142300  421500.0  421500.0  422000.0  421500.0    24.0  5.192111e+09 2025-12-17 14:23:00
324  20251217  142400  421000.0  421500.0  421500.0  421000.0    52.0  5.214003e+09 2025-12-17 14:24:00
325  20251217  142500  421000.0  421000.0  421000.0  421000.0    31.0  5.227054e+09 2025-12-17 14:25:00
326  20251217  142600  421000.0  421500.0  421500.0  421000.0    20.0  5.235477e+09 2025-12-17 14:26:00
327  20251217  142700  421000.0  421000.0  421000.0  420500.0    30.0  5.248102e+09 2025-12-17 14:27:00
328  20251217  142800  422000.0  421500.0  422000.0  421000.0    34.0  5.262429e+09 2025-12-17 14:28:00
329  20251217  142900  421000.0  421500.0  421500.0  421000.0    25.0  5.272962e+09 2025-12-17 14:29:00
330  20251217  143000  421000.0  421000.0  421500.0  421000.0    22.0  5.282227e+09 2025-12-17 14:30:00
331  20251217  143100  422000.0  421000.0  422000.0  421000.0    54.0  5.304996e+09 2025-12-17 14:31:00
332  20251217  143200  422500.0  421500.0  422500.0  421000.0    30.0  5.317635e+09 2025-12-17 14:32:00
333  20251217  143300  421500.0  422500.0  422500.0  421500.0    15.0  5.323960e+09 2025-12-17 14:33:00
334  20251217  143400  421000.0  421000.0  421000.0  421000.0    19.0  5.331959e+09 2025-12-17 14:34:00
335  20251217  143500  421000.0  421000.0  421500.0  421000.0    24.0  5.342066e+09 2025-12-17 14:35:00
336  20251217  143600  421000.0  421000.0  421500.0  421000.0    25.0  5.352595e+09 2025-12-17 14:36:00
337  20251217  143700  421500.0  421000.0  421500.0  421000.0    64.0  5.379563e+09 2025-12-17 14:37:00
338  20251217  143800  421500.0  421500.0  421500.0  420500.0   135.0  5.436356e+09 2025-12-17 14:38:00
339  20251217  143900  421500.0  421500.0  422000.0  421500.0    35.0  5.451111e+09 2025-12-17 14:39:00
340  20251217  144000  422000.0  421500.0  422000.0  421500.0    34.0  5.465446e+09 2025-12-17 14:40:00
341  20251217  144100  421500.0  421500.0  422500.0  421000.0    73.0  5.496216e+09 2025-12-17 14:41:00
342  20251217  144200  421500.0  421500.0  422000.0  421500.0    32.0  5.509706e+09 2025-12-17 14:42:00
343  20251217  144300  421500.0  421500.0  423500.0  421500.0   153.0  5.574344e+09 2025-12-17 14:43:00
344  20251217  144400  421500.0  422000.0  422000.0  421500.0    23.0  5.584042e+09 2025-12-17 14:44:00
345  20251217  144500  422000.0  421500.0  422000.0  421500.0    32.0  5.597531e+09 2025-12-17 14:45:00
346  20251217  144600  422500.0  421500.0  422500.0  421500.0    26.0  5.608503e+09 2025-12-17 14:46:00
347  20251217  144700  422000.0  422000.0  423500.0  421000.0    73.0  5.639336e+09 2025-12-17 14:47:00
348  20251217  144800  421500.0  422000.0  422500.0  421500.0    30.0  5.652001e+09 2025-12-17 14:48:00
349  20251217  144900  421500.0  421500.0  422000.0  421500.0    28.0  5.663808e+09 2025-12-17 14:49:00
350  20251217  145000  421000.0  421500.0  422000.0  421000.0    30.0  5.676454e+09 2025-12-17 14:50:00
351  20251217  145100  421500.0  421000.0  422000.0  421000.0    37.0  5.692051e+09 2025-12-17 14:51:00
352  20251217  145200  421500.0  421500.0  422500.0  421500.0    31.0  5.705126e+09 2025-12-17 14:52:00
353  20251217  145300  421500.0  422000.0  422500.0  421500.0    47.0  5.724945e+09 2025-12-17 14:53:00
354  20251217  145400  422000.0  422000.0  422000.0  421500.0    47.0  5.744766e+09 2025-12-17 14:54:00
355  20251217  145500  421500.0  421500.0  422000.0  421500.0    21.0  5.753618e+09 2025-12-17 14:55:00
356  20251217  145600  422000.0  421500.0  422500.0  421500.0    37.0  5.769235e+09 2025-12-17 14:56:00
357  20251217  145700  422000.0  422000.0  423000.0  422000.0    43.0  5.787388e+09 2025-12-17 14:57:00
358  20251217  145800  422500.0  422000.0  423000.0  422000.0    89.0  5.824969e+09 2025-12-17 14:58:00
359  20251217  145900  422500.0  422500.0  423000.0  422500.0    39.0  5.841453e+09 2025-12-17 14:59:00
360  20251217  150000  422500.0  422500.0  423000.0  422000.0    40.0  5.858350e+09 2025-12-17 15:00:00
361  20251217  150100  423000.0  422500.0  423000.0  422500.0    63.0  5.884986e+09 2025-12-17 15:01:00
362  20251217  150200  422500.0  422500.0  423000.0  422500.0    45.0  5.904004e+09 2025-12-17 15:02:00
363  20251217  150300  422000.0  422500.0  422500.0  422000.0    62.0  5.930194e+09 2025-12-17 15:03:00
364  20251217  150400  423000.0  422000.0  424000.0  422000.0   229.0  6.027165e+09 2025-12-17 15:04:00
365  20251217  150500  422500.0  423000.0  424000.0  422500.0    49.0  6.047889e+09 2025-12-17 15:05:00
366  20251217  150600  423500.0  422500.0  423500.0  422500.0    21.0  6.056767e+09 2025-12-17 15:06:00
367  20251217  150700  422500.0  422500.0  423000.0  422500.0    39.0  6.073248e+09 2025-12-17 15:07:00
368  20251217  150800  423500.0  422500.0  424000.0  422500.0    58.0  6.097821e+09 2025-12-17 15:08:00
369  20251217  150900  423000.0  423500.0  423500.0  423000.0    54.0  6.120690e+09 2025-12-17 15:09:00
370  20251217  151000  423500.0  423000.0  424000.0  423000.0    68.0  6.149484e+09 2025-12-17 15:10:00
371  20251217  151100  424000.0  423500.0  424000.0  423500.0    18.0  6.157107e+09 2025-12-17 15:11:00
372  20251217  151200  423500.0  423500.0  423500.0  423500.0    28.0  6.168965e+09 2025-12-17 15:12:00
373  20251217  151300  423000.0  423500.0  424000.0  423000.0    36.0  6.184212e+09 2025-12-17 15:13:00
374  20251217  151400  423000.0  423000.0  423000.0  423000.0    21.0  6.193095e+09 2025-12-17 15:14:00
375  20251217  151500  423500.0  423000.0  424000.0  423000.0    55.0  6.216379e+09 2025-12-17 15:15:00
376  20251217  151600  423500.0  423500.0  423500.0  423500.0    34.0  6.230778e+09 2025-12-17 15:16:00
377  20251217  151700  425000.0  423500.0  425000.0  423000.0    55.0  6.254095e+09 2025-12-17 15:17:00
378  20251217  151800  424000.0  424000.0  426000.0  423500.0    28.0  6.265989e+09 2025-12-17 15:18:00
379  20251217  151900  424000.0  424000.0  424000.0  424000.0     0.0  6.265989e+09 2025-12-17 15:19:00
380  20251217  152000  424000.0  424000.0  424000.0  424000.0     0.0  6.265989e+09 2025-12-17 15:20:00
381  20251217  152100  424000.0  424000.0  424000.0  424000.0     0.0  6.265989e+09 2025-12-17 15:21:00
382  20251217  152200  424000.0  424000.0  424000.0  424000.0     0.0  6.265989e+09 2025-12-17 15:22:00
383  20251217  152300  424000.0  424000.0  424000.0  424000.0     0.0  6.265989e+09 2025-12-17 15:23:00
384  20251217  152400  424000.0  424000.0  424000.0  424000.0     0.0  6.265989e+09 2025-12-17 15:24:00
385  20251217  152500  424000.0  424000.0  424000.0  424000.0     0.0  6.265989e+09 2025-12-17 15:25:00
386  20251217  152600  424000.0  424000.0  424000.0  424000.0     0.0  6.265989e+09 2025-12-17 15:26:00
387  20251217  152700  424000.0  424000.0  424000.0  424000.0     0.0  6.265989e+09 2025-12-17 15:27:00
388  20251217  152800  424000.0  424000.0  424000.0  424000.0     0.0  6.265989e+09 2025-12-17 15:28:00

[012330] 분봉 데이터: 389건
--------------------------------------------------------------------------------
         date    time     close      open      high       low  volume        amount            datetime
0    20251217  090000  356500.0  357500.0  359000.0  354000.0  5586.0  1.994880e+09 2025-12-17 09:00:00
1    20251217  090100  357000.0  356000.0  358500.0  356000.0  1661.0  2.588400e+09 2025-12-17 09:01:00
2    20251217  090200  356500.0  357000.0  357500.0  355500.0   810.0  2.876931e+09 2025-12-17 09:02:00
3    20251217  090300  355000.0  356500.0  356500.0  355000.0  1295.0  3.337520e+09 2025-12-17 09:03:00
4    20251217  090400  357500.0  355000.0  357500.0  355000.0  1394.0  3.833950e+09 2025-12-17 09:04:00
5    20251217  090500  357500.0  357500.0  358000.0  355500.0  1510.0  4.372685e+09 2025-12-17 09:05:00
6    20251217  090600  357500.0  358000.0  358000.0  357500.0   164.0  4.431377e+09 2025-12-17 09:06:00
7    20251217  090700  357000.0  358000.0  358000.0  356500.0   849.0  4.734980e+09 2025-12-17 09:07:00
8    20251217  090800  357500.0  357000.0  357500.0  356500.0   524.0  4.921905e+09 2025-12-17 09:08:00
9    20251217  090900  358000.0  357000.0  358000.0  357000.0   879.0  5.236346e+09 2025-12-17 09:09:00
10   20251217  091000  358500.0  357500.0  359000.0  357500.0   551.0  5.433740e+09 2025-12-17 09:10:00
11   20251217  091100  360000.0  358000.0  360000.0  358000.0  1343.0  5.916124e+09 2025-12-17 09:11:00
12   20251217  091200  359500.0  359500.0  360500.0  359000.0  3067.0  7.019888e+09 2025-12-17 09:12:00
13   20251217  091300  360500.0  359500.0  361500.0  359000.0  6641.0  9.414705e+09 2025-12-17 09:13:00
14   20251217  091400  360500.0  361000.0  361000.0  359500.0  1448.0  9.936572e+09 2025-12-17 09:14:00
15   20251217  091500  360000.0  360500.0  362000.0  360000.0  1777.0  1.057831e+10 2025-12-17 09:15:00
16   20251217  091600  361500.0  360000.0  362500.0  360000.0  2384.0  1.143889e+10 2025-12-17 09:16:00
17   20251217  091700  362500.0  362000.0  362500.0  361500.0   562.0  1.164236e+10 2025-12-17 09:17:00
18   20251217  091800  364500.0  362250.0  365000.0  362000.0  4504.0  1.328122e+10 2025-12-17 09:18:00
19   20251217  091900  363000.0  364500.0  364500.0  363000.0  4333.0  1.485771e+10 2025-12-17 09:19:00
20   20251217  092000  362000.0  363000.0  363500.0  361500.0  1299.0  1.532869e+10 2025-12-17 09:20:00
21   20251217  092100  361500.0  362000.0  362500.0  361500.0   581.0  1.553899e+10 2025-12-17 09:21:00
22   20251217  092200  359500.0  361500.0  361500.0  359000.0  4834.0  1.728086e+10 2025-12-17 09:22:00
23   20251217  092300  359000.0  359500.0  359500.0  359000.0   727.0  1.754195e+10 2025-12-17 09:23:00
24   20251217  092400  359500.0  358500.0  360000.0  358500.0  1055.0  1.792109e+10 2025-12-17 09:24:00
25   20251217  092500  360000.0  359500.0  360000.0  359500.0   339.0  1.804297e+10 2025-12-17 09:25:00
26   20251217  092600  359500.0  359500.0  360000.0  359500.0   225.0  1.812386e+10 2025-12-17 09:26:00
27   20251217  092700  358000.0  359500.0  360000.0  358000.0   752.0  1.839372e+10 2025-12-17 09:27:00
28   20251217  092800  359500.0  358500.0  359500.0  358000.0   640.0  1.862339e+10 2025-12-17 09:28:00
29   20251217  092900  359500.0  359500.0  360000.0  359000.0   255.0  1.871507e+10 2025-12-17 09:29:00
30   20251217  093000  359000.0  360000.0  360000.0  358500.0  1236.0  1.915885e+10 2025-12-17 09:30:00
31   20251217  093100  359000.0  359000.0  359500.0  358500.0   443.0  1.931788e+10 2025-12-17 09:31:00
32   20251217  093200  359500.0  359000.0  360000.0  359000.0   468.0  1.948598e+10 2025-12-17 09:32:00
33   20251217  093300  360500.0  359500.0  361000.0  359500.0  2326.0  2.032356e+10 2025-12-17 09:33:00
34   20251217  093400  359500.0  360500.0  360750.0  359500.0   920.0  2.065505e+10 2025-12-17 09:34:00
35   20251217  093500  358500.0  360000.0  360000.0  358500.0   223.0  2.073511e+10 2025-12-17 09:35:00
36   20251217  093600  359000.0  358500.0  359500.0  358500.0   426.0  2.088794e+10 2025-12-17 09:36:00
37   20251217  093700  359000.0  359000.0  359500.0  359000.0   183.0  2.095370e+10 2025-12-17 09:37:00
38   20251217  093800  359000.0  359500.0  359500.0  359000.0   200.0  2.102553e+10 2025-12-17 09:38:00
39   20251217  093900  359000.0  359000.0  360000.0  359000.0   348.0  2.115064e+10 2025-12-17 09:39:00
40   20251217  094000  360000.0  359500.0  360000.0  359000.0   124.0  2.119523e+10 2025-12-17 09:40:00
41   20251217  094100  359000.0  359500.0  360000.0  358500.0  1005.0  2.155635e+10 2025-12-17 09:41:00
42   20251217  094200  358500.0  359000.0  359000.0  358500.0   351.0  2.168224e+10 2025-12-17 09:42:00
43   20251217  094300  359500.0  359000.0  359500.0  358500.0   226.0  2.176337e+10 2025-12-17 09:43:00
44   20251217  094400  359000.0  359500.0  360000.0  358500.0   311.0  2.187507e+10 2025-12-17 09:44:00
45   20251217  094500  359500.0  360000.0  360000.0  358500.0   171.0  2.193645e+10 2025-12-17 09:45:00
46   20251217  094600  360000.0  359500.0  360000.0  359000.0   311.0  2.204830e+10 2025-12-17 09:46:00
47   20251217  094700  359500.0  359750.0  360000.0  359500.0   250.0  2.213821e+10 2025-12-17 09:47:00
48   20251217  094800  359000.0  360000.0  360000.0  358500.0   718.0  2.239618e+10 2025-12-17 09:48:00
49   20251217  094900  359500.0  359000.0  359500.0  358500.0   209.0  2.247122e+10 2025-12-17 09:49:00
50   20251217  095000  359000.0  359500.0  359500.0  358500.0   150.0  2.252509e+10 2025-12-17 09:50:00
51   20251217  095100  359500.0  359000.0  359500.0  358500.0   261.0  2.261887e+10 2025-12-17 09:51:00
52   20251217  095200  358500.0  358500.0  359000.0  358500.0   184.0  2.268484e+10 2025-12-17 09:52:00
53   20251217  095300  359000.0  358500.0  359000.0  358500.0   412.0  2.283267e+10 2025-12-17 09:53:00
54   20251217  095400  357500.0  358500.0  359000.0  357500.0   633.0  2.305933e+10 2025-12-17 09:54:00
55   20251217  095500  357000.0  358000.0  358000.0  357000.0   359.0  2.318769e+10 2025-12-17 09:55:00
56   20251217  095600  357500.0  357500.0  358000.0  357000.0   747.0  2.345478e+10 2025-12-17 09:56:00
57   20251217  095700  357500.0  357500.0  357750.0  357500.0   145.0  2.350662e+10 2025-12-17 09:57:00
58   20251217  095800  358000.0  357000.0  358500.0  357000.0   895.0  2.382683e+10 2025-12-17 09:58:00
59   20251217  095900  357500.0  357500.0  358000.0  357000.0   214.0  2.390336e+10 2025-12-17 09:59:00
60   20251217  100000  357500.0  358000.0  358500.0  357000.0  1229.0  2.434328e+10 2025-12-17 10:00:00
61   20251217  100100  357500.0  357500.0  358000.0  356500.0  1565.0  2.490188e+10 2025-12-17 10:01:00
62   20251217  100200  356000.0  357500.0  357500.0  356000.0   361.0  2.503066e+10 2025-12-17 10:02:00
63   20251217  100300  357000.0  356000.0  357000.0  356000.0   410.0  2.517669e+10 2025-12-17 10:03:00
64   20251217  100400  357000.0  356500.0  357000.0  355500.0   794.0  2.545941e+10 2025-12-17 10:04:00
65   20251217  100500  356500.0  356500.0  357000.0  355500.0   463.0  2.562432e+10 2025-12-17 10:05:00
66   20251217  100600  356500.0  357000.0  357000.0  356500.0    57.0  2.564465e+10 2025-12-17 10:06:00
67   20251217  100700  355500.0  356500.0  356500.0  355500.0   409.0  2.579029e+10 2025-12-17 10:07:00
68   20251217  100800  355500.0  356000.0  356500.0  355500.0   915.0  2.611596e+10 2025-12-17 10:08:00
69   20251217  100900  356000.0  355500.0  356000.0  355500.0   154.0  2.617076e+10 2025-12-17 10:09:00
70   20251217  101000  355500.0  356000.0  356000.0  355500.0    70.0  2.619566e+10 2025-12-17 10:10:00
71   20251217  101100  355500.0  356000.0  356000.0  355500.0    93.0  2.622876e+10 2025-12-17 10:11:00
72   20251217  101200  355500.0  356000.0  356000.0  355500.0    85.0  2.625900e+10 2025-12-17 10:12:00
73   20251217  101300  355000.0  355500.0  356000.0  355000.0  1224.0  2.669395e+10 2025-12-17 10:13:00
74   20251217  101400  355000.0  355000.0  355500.0  354500.0   489.0  2.686755e+10 2025-12-17 10:14:00
75   20251217  101500  354500.0  355000.0  355000.0  354000.0   706.0  2.711796e+10 2025-12-17 10:15:00
76   20251217  101600  354500.0  355000.0  355000.0  354000.0  1145.0  2.752349e+10 2025-12-17 10:16:00
77   20251217  101700  354500.0  354500.0  355000.0  354000.0   641.0  2.775069e+10 2025-12-17 10:17:00
78   20251217  101800  355500.0  354500.0  355500.0  354500.0   557.0  2.794840e+10 2025-12-17 10:18:00
79   20251217  101900  356000.0  355500.0  356000.0  355000.0   457.0  2.811098e+10 2025-12-17 10:19:00
80   20251217  102000  357000.0  355500.0  357500.0  355500.0  1391.0  2.860636e+10 2025-12-17 10:20:00
81   20251217  102100  357500.0  357000.0  357500.0  356500.0   687.0  2.885165e+10 2025-12-17 10:21:00
82   20251217  102200  357000.0  357000.0  357500.0  357000.0   595.0  2.906410e+10 2025-12-17 10:22:00
83   20251217  102300  358000.0  357000.0  358000.0  357000.0   364.0  2.919423e+10 2025-12-17 10:23:00
84   20251217  102400  358000.0  357500.0  358000.0  357500.0   724.0  2.945313e+10 2025-12-17 10:24:00
85   20251217  102500  357000.0  358000.0  358500.0  356000.0  1348.0  2.993473e+10 2025-12-17 10:25:00
86   20251217  102600  356500.0  357000.0  357500.0  356000.0  1317.0  3.040483e+10 2025-12-17 10:26:00
87   20251217  102700  356500.0  356500.0  357000.0  356000.0   402.0  3.054814e+10 2025-12-17 10:27:00
88   20251217  102800  356000.0  356000.0  356500.0  356000.0   327.0  3.066465e+10 2025-12-17 10:28:00
89   20251217  102900  356500.0  356000.0  356500.0  356000.0   206.0  3.073808e+10 2025-12-17 10:29:00
90   20251217  103000  356500.0  356000.0  357000.0  356000.0   258.0  3.083008e+10 2025-12-17 10:30:00
91   20251217  103100  356500.0  357000.0  357000.0  356500.0   132.0  3.087718e+10 2025-12-17 10:31:00
92   20251217  103200  356500.0  356500.0  357000.0  356500.0   386.0  3.101479e+10 2025-12-17 10:32:00
93   20251217  103300  356500.0  357000.0  357000.0  356500.0   107.0  3.105294e+10 2025-12-17 10:33:00
94   20251217  103400  356500.0  356500.0  357000.0  356000.0   250.0  3.114202e+10 2025-12-17 10:34:00
95   20251217  103500  356500.0  356500.0  357000.0  356000.0   330.0  3.125966e+10 2025-12-17 10:35:00
96   20251217  103600  357000.0  356500.0  357500.0  356500.0  1228.0  3.169803e+10 2025-12-17 10:36:00
97   20251217  103700  357000.0  357000.0  357500.0  357000.0  1386.0  3.219309e+10 2025-12-17 10:37:00
98   20251217  103800  357000.0  357000.0  357000.0  356500.0   694.0  3.244076e+10 2025-12-17 10:38:00
99   20251217  103900  357500.0  357000.0  357500.0  356500.0   221.0  3.251966e+10 2025-12-17 10:39:00
100  20251217  104000  357500.0  357000.0  357500.0  356500.0   425.0  3.267146e+10 2025-12-17 10:40:00
101  20251217  104100  358000.0  357500.0  358000.0  357000.0   429.0  3.282484e+10 2025-12-17 10:41:00
102  20251217  104200  357500.0  357500.0  358000.0  357000.0   105.0  3.286237e+10 2025-12-17 10:42:00
103  20251217  104300  358000.0  357500.0  358500.0  357500.0   436.0  3.301845e+10 2025-12-17 10:43:00
104  20251217  104400  358750.0  358000.0  359000.0  357500.0   564.0  3.322064e+10 2025-12-17 10:44:00
105  20251217  104500  359500.0  358500.0  359500.0  358500.0   615.0  3.344155e+10 2025-12-17 10:45:00
106  20251217  104600  360750.0  359500.0  361500.0  359500.0  2700.0  3.441373e+10 2025-12-17 10:46:00
107  20251217  104700  360000.0  360500.0  361000.0  360000.0   396.0  3.455655e+10 2025-12-17 10:47:00
108  20251217  104800  360000.0  360000.0  360500.0  360000.0   219.0  3.463545e+10 2025-12-17 10:48:00
109  20251217  104900  360500.0  360500.0  361000.0  360000.0   567.0  3.483987e+10 2025-12-17 10:49:00
110  20251217  105000  360000.0  360500.0  360500.0  360000.0   161.0  3.489784e+10 2025-12-17 10:50:00
111  20251217  105100  361500.0  360000.0  362000.0  360000.0  1614.0  3.548006e+10 2025-12-17 10:51:00
112  20251217  105200  361500.0  362000.0  362000.0  361000.0   343.0  3.560407e+10 2025-12-17 10:52:00
113  20251217  105300  361500.0  361500.0  362000.0  361000.0   353.0  3.573178e+10 2025-12-17 10:53:00
114  20251217  105400  362000.0  362000.0  362000.0  361500.0   333.0  3.585220e+10 2025-12-17 10:54:00
115  20251217  105500  361000.0  362000.0  362000.0  361000.0   819.0  3.614822e+10 2025-12-17 10:55:00
116  20251217  105600  361750.0  361000.0  362000.0  361000.0   207.0  3.622308e+10 2025-12-17 10:56:00
117  20251217  105700  361000.0  362000.0  362000.0  361000.0   150.0  3.627733e+10 2025-12-17 10:57:00
118  20251217  105800  362750.0  361500.0  363000.0  361000.0   497.0  3.645729e+10 2025-12-17 10:58:00
119  20251217  105900  362500.0  362500.0  363000.0  362000.0   499.0  3.663818e+10 2025-12-17 10:59:00
120  20251217  110000  362500.0  362000.0  363000.0  362000.0   429.0  3.679366e+10 2025-12-17 11:00:00
121  20251217  110100  361000.0  362500.0  362500.0  361000.0   297.0  3.690115e+10 2025-12-17 11:01:00
122  20251217  110200  361500.0  361500.0  362000.0  361000.0   134.0  3.694962e+10 2025-12-17 11:02:00
123  20251217  110300  361500.0  362000.0  362000.0  361500.0   361.0  3.708019e+10 2025-12-17 11:03:00
124  20251217  110400  360500.0  361500.0  362000.0  360500.0   305.0  3.719028e+10 2025-12-17 11:04:00
125  20251217  110500  361500.0  360500.0  362000.0  360000.0  1634.0  3.777913e+10 2025-12-17 11:05:00
126  20251217  110600  361250.0  361500.0  361500.0  361000.0   157.0  3.783586e+10 2025-12-17 11:06:00
127  20251217  110700  361000.0  361250.0  361500.0  360500.0   365.0  3.796764e+10 2025-12-17 11:07:00
128  20251217  110800  360500.0  361000.0  361500.0  360500.0   229.0  3.805032e+10 2025-12-17 11:08:00
129  20251217  110900  361000.0  361000.0  361250.0  360500.0   293.0  3.815608e+10 2025-12-17 11:09:00
130  20251217  111000  360500.0  361000.0  361500.0  360500.0   228.0  3.823843e+10 2025-12-17 11:10:00
131  20251217  111100  361500.0  360500.0  361500.0  360500.0   382.0  3.837647e+10 2025-12-17 11:11:00
132  20251217  111200  361250.0  361250.0  361500.0  361000.0   234.0  3.846098e+10 2025-12-17 11:12:00
133  20251217  111300  361000.0  361500.0  361500.0  361000.0   178.0  3.852531e+10 2025-12-17 11:13:00
134  20251217  111400  361250.0  361000.0  361500.0  361000.0    52.0  3.854410e+10 2025-12-17 11:14:00
135  20251217  111500  360500.0  361250.0  361500.0  360500.0   505.0  3.872640e+10 2025-12-17 11:15:00
136  20251217  111600  359750.0  361000.0  361000.0  359500.0   408.0  3.887350e+10 2025-12-17 11:16:00
137  20251217  111700  359500.0  359750.0  360000.0  359500.0   328.0  3.899145e+10 2025-12-17 11:17:00
138  20251217  111800  359750.0  360000.0  360000.0  359500.0   162.0  3.904976e+10 2025-12-17 11:18:00
139  20251217  111900  361000.0  359750.0  361000.0  359500.0  1768.0  3.968655e+10 2025-12-17 11:19:00
140  20251217  112000  361000.0  360500.0  361000.0  360500.0   138.0  3.973635e+10 2025-12-17 11:20:00
141  20251217  112100  360750.0  361000.0  361000.0  360750.0   170.0  3.979771e+10 2025-12-17 11:21:00
142  20251217  112200  360750.0  360750.0  361000.0  360750.0   104.0  3.983525e+10 2025-12-17 11:22:00
143  20251217  112300  361000.0  361000.0  361000.0  360750.0   186.0  3.990239e+10 2025-12-17 11:23:00
144  20251217  112400  361000.0  361000.0  361000.0  360750.0   172.0  3.996448e+10 2025-12-17 11:24:00
145  20251217  112500  360750.0  361000.0  361000.0  360750.0    51.0  3.998289e+10 2025-12-17 11:25:00
146  20251217  112600  361000.0  361000.0  361000.0  360750.0   177.0  4.004678e+10 2025-12-17 11:26:00
147  20251217  112700  361000.0  361000.0  361000.0  360750.0   169.0  4.010777e+10 2025-12-17 11:27:00
148  20251217  112800  360750.0  361000.0  361000.0  360750.0    66.0  4.013159e+10 2025-12-17 11:28:00
149  20251217  112900  361500.0  360750.0  362000.0  360750.0  1031.0  4.050410e+10 2025-12-17 11:29:00
150  20251217  113000  361750.0  361500.0  362000.0  361500.0   133.0  4.055222e+10 2025-12-17 11:30:00
151  20251217  113100  362000.0  362000.0  362000.0  361750.0   140.0  4.060290e+10 2025-12-17 11:31:00
152  20251217  113200  361500.0  361750.0  362000.0  361000.0  1001.0  4.096469e+10 2025-12-17 11:32:00
153  20251217  113300  360750.0  361500.0  361500.0  360500.0   204.0  4.103834e+10 2025-12-17 11:33:00
154  20251217  113400  361000.0  360750.0  361000.0  360750.0   123.0  4.108274e+10 2025-12-17 11:34:00
155  20251217  113500  360500.0  360750.0  361000.0  360500.0   180.0  4.114766e+10 2025-12-17 11:35:00
156  20251217  113600  361000.0  361000.0  361000.0  360500.0   143.0  4.119928e+10 2025-12-17 11:36:00
157  20251217  113700  361000.0  360750.0  361000.0  360500.0   146.0  4.125195e+10 2025-12-17 11:37:00
158  20251217  113800  361000.0  361000.0  361000.0  360500.0    79.0  4.128046e+10 2025-12-17 11:38:00
159  20251217  113900  360750.0  361000.0  361000.0  360750.0   184.0  4.134687e+10 2025-12-17 11:39:00
160  20251217  114000  361000.0  360750.0  361000.0  360750.0    70.0  4.137214e+10 2025-12-17 11:40:00
161  20251217  114100  360750.0  361000.0  361000.0  360750.0    97.0  4.140715e+10 2025-12-17 11:41:00
162  20251217  114200  361000.0  361000.0  361000.0  360750.0   186.0  4.147429e+10 2025-12-17 11:42:00
163  20251217  114300  361000.0  361000.0  361000.0  360750.0   296.0  4.158114e+10 2025-12-17 11:43:00
164  20251217  114400  360750.0  361000.0  361000.0  360750.0   173.0  4.164359e+10 2025-12-17 11:44:00
165  20251217  114500  361000.0  360750.0  361000.0  360750.0    65.0  4.166705e+10 2025-12-17 11:45:00
166  20251217  114600  360750.0  361000.0  361000.0  360750.0    99.0  4.170278e+10 2025-12-17 11:46:00
167  20251217  114700  360750.0  361000.0  361000.0  360500.0   322.0  4.181893e+10 2025-12-17 11:47:00
168  20251217  114800  361000.0  360750.0  361000.0  360500.0   292.0  4.192430e+10 2025-12-17 11:48:00
169  20251217  114900  361500.0  361000.0  361500.0  360750.0   326.0  4.204205e+10 2025-12-17 11:49:00
170  20251217  115000  360750.0  361000.0  361500.0  360500.0   156.0  4.209837e+10 2025-12-17 11:50:00
171  20251217  115100  360750.0  360750.0  361000.0  360500.0    47.0  4.211532e+10 2025-12-17 11:51:00
172  20251217  115200  360500.0  360750.0  360750.0  360000.0   874.0  4.243032e+10 2025-12-17 11:52:00
173  20251217  115300  360000.0  360500.0  360500.0  360000.0   156.0  4.248653e+10 2025-12-17 11:53:00
174  20251217  115400  359250.0  360000.0  360500.0  359000.0  1632.0  4.307358e+10 2025-12-17 11:54:00
175  20251217  115500  359250.0  359250.0  359500.0  359000.0   148.0  4.312677e+10 2025-12-17 11:55:00
176  20251217  115600  359500.0  359500.0  359500.0  359000.0   112.0  4.316700e+10 2025-12-17 11:56:00
177  20251217  115700  359000.0  359500.0  359500.0  359000.0   258.0  4.325970e+10 2025-12-17 11:57:00
178  20251217  115800  359250.0  359000.0  359500.0  359000.0    66.0  4.328342e+10 2025-12-17 11:58:00
179  20251217  115900  359250.0  359250.0  359500.0  359250.0    41.0  4.329815e+10 2025-12-17 11:59:00
180  20251217  120000  360750.0  359250.0  361000.0  359250.0  1360.0  4.378776e+10 2025-12-17 12:00:00
181  20251217  120100  361000.0  361000.0  361000.0  360500.0   353.0  4.391516e+10 2025-12-17 12:01:00
182  20251217  120200  361000.0  361000.0  361000.0  360500.0   181.0  4.398049e+10 2025-12-17 12:02:00
183  20251217  120300  361000.0  361000.0  361000.0  360500.0   142.0  4.403175e+10 2025-12-17 12:03:00
184  20251217  120400  361000.0  361000.0  361000.0  360750.0    63.0  4.405449e+10 2025-12-17 12:04:00
185  20251217  120500  360750.0  360750.0  361000.0  360750.0   229.0  4.413716e+10 2025-12-17 12:05:00
186  20251217  120600  360750.0  361000.0  361000.0  360750.0   111.0  4.417723e+10 2025-12-17 12:06:00
187  20251217  120700  360750.0  360750.0  361000.0  360750.0    69.0  4.420212e+10 2025-12-17 12:07:00
188  20251217  120800  360750.0  361000.0  361000.0  360750.0   163.0  4.426096e+10 2025-12-17 12:08:00
189  20251217  120900  361000.0  360750.0  361000.0  360750.0    95.0  4.429524e+10 2025-12-17 12:09:00
190  20251217  121000  361000.0  360750.0  361000.0  360500.0   397.0  4.443844e+10 2025-12-17 12:10:00
191  20251217  121100  361000.0  361000.0  361000.0  360500.0   194.0  4.450846e+10 2025-12-17 12:11:00
192  20251217  121200  360000.0  361000.0  361000.0  360000.0   257.0  4.460110e+10 2025-12-17 12:12:00
193  20251217  121300  360000.0  360000.0  360500.0  359500.0   816.0  4.489492e+10 2025-12-17 12:13:00
194  20251217  121400  359750.0  359750.0  360000.0  359500.0   237.0  4.498021e+10 2025-12-17 12:14:00
195  20251217  121500  360000.0  359750.0  360000.0  359750.0   130.0  4.502701e+10 2025-12-17 12:15:00
196  20251217  121600  360500.0  360000.0  360500.0  360000.0   102.0  4.506376e+10 2025-12-17 12:16:00
197  20251217  121700  360250.0  360500.0  360500.0  360250.0    47.0  4.508070e+10 2025-12-17 12:17:00
198  20251217  121800  360500.0  360250.0  360500.0  360000.0   209.0  4.515601e+10 2025-12-17 12:18:00
199  20251217  121900  360500.0  360250.0  360500.0  360250.0    68.0  4.518052e+10 2025-12-17 12:19:00
200  20251217  122000  360250.0  360250.0  360500.0  360250.0    68.0  4.520502e+10 2025-12-17 12:20:00
201  20251217  122100  360250.0  360250.0  360500.0  360250.0   160.0  4.526270e+10 2025-12-17 12:21:00
202  20251217  122200  360500.0  360500.0  360500.0  360250.0    70.0  4.528793e+10 2025-12-17 12:22:00
203  20251217  122300  360500.0  360500.0  360500.0  360250.0   214.0  4.536507e+10 2025-12-17 12:23:00
204  20251217  122400  360500.0  360500.0  360500.0  360250.0   385.0  4.550386e+10 2025-12-17 12:24:00
205  20251217  122500  361000.0  360250.0  361000.0  360250.0   221.0  4.558356e+10 2025-12-17 12:25:00
206  20251217  122600  360750.0  361000.0  361000.0  360500.0   127.0  4.562941e+10 2025-12-17 12:26:00
207  20251217  122700  361000.0  361000.0  361000.0  360500.0   108.0  4.566838e+10 2025-12-17 12:27:00
208  20251217  122800  361000.0  361000.0  361000.0  360500.0   212.0  4.574488e+10 2025-12-17 12:28:00
209  20251217  122900  361000.0  361000.0  361000.0  360750.0    83.0  4.577484e+10 2025-12-17 12:29:00
210  20251217  123000  361000.0  360750.0  361000.0  360750.0   525.0  4.596436e+10 2025-12-17 12:30:00
211  20251217  123100  361000.0  360750.0  361000.0  360750.0   143.0  4.601599e+10 2025-12-17 12:31:00
212  20251217  123200  361000.0  361000.0  361000.0  360750.0    56.0  4.603620e+10 2025-12-17 12:32:00
213  20251217  123300  361500.0  361000.0  361500.0  360750.0   169.0  4.609723e+10 2025-12-17 12:33:00
214  20251217  123400  361000.0  361500.0  361500.0  360500.0   545.0  4.629403e+10 2025-12-17 12:34:00
215  20251217  123500  361000.0  360500.0  361000.0  360500.0    71.0  4.631965e+10 2025-12-17 12:35:00
216  20251217  123600  360750.0  360750.0  361000.0  360750.0   182.0  4.638534e+10 2025-12-17 12:36:00
217  20251217  123700  361000.0  360750.0  361000.0  360750.0   128.0  4.643154e+10 2025-12-17 12:37:00
218  20251217  123800  361000.0  360750.0  361000.0  360500.0   112.0  4.647195e+10 2025-12-17 12:38:00
219  20251217  123900  361500.0  360500.0  361500.0  360500.0   567.0  4.667665e+10 2025-12-17 12:39:00
220  20251217  124000  361250.0  361250.0  361500.0  361000.0    66.0  4.670050e+10 2025-12-17 12:40:00
221  20251217  124100  361500.0  361500.0  361500.0  361250.0   151.0  4.675509e+10 2025-12-17 12:41:00
222  20251217  124200  360500.0  361250.0  361500.0  360000.0   719.0  4.701457e+10 2025-12-17 12:42:00
223  20251217  124300  360250.0  360500.0  360500.0  360250.0    17.0  4.702069e+10 2025-12-17 12:43:00
224  20251217  124400  360500.0  360500.0  360500.0  360250.0   168.0  4.708125e+10 2025-12-17 12:44:00
225  20251217  124500  360250.0  360250.0  360500.0  360250.0    77.0  4.710900e+10 2025-12-17 12:45:00
226  20251217  124600  360500.0  360500.0  360500.0  360250.0    80.0  4.713784e+10 2025-12-17 12:46:00
227  20251217  124700  361000.0  360500.0  361000.0  360250.0   576.0  4.734552e+10 2025-12-17 12:47:00
228  20251217  124800  360750.0  361000.0  361000.0  360750.0    60.0  4.736718e+10 2025-12-17 12:48:00
229  20251217  124900  361000.0  360750.0  361000.0  360500.0   164.0  4.742636e+10 2025-12-17 12:49:00
230  20251217  125000  360500.0  360500.0  361000.0  360000.0   226.0  4.750783e+10 2025-12-17 12:50:00
231  20251217  125100  360500.0  360500.0  360500.0  360250.0    73.0  4.753414e+10 2025-12-17 12:51:00
232  20251217  125200  360250.0  360500.0  360500.0  360250.0   132.0  4.758172e+10 2025-12-17 12:52:00
233  20251217  125300  360250.0  360250.0  360500.0  360250.0    75.0  4.760874e+10 2025-12-17 12:53:00
234  20251217  125400  360000.0  360000.0  360500.0  360000.0   294.0  4.771467e+10 2025-12-17 12:54:00
235  20251217  125500  359750.0  360000.0  360000.0  359000.0  1581.0  4.828323e+10 2025-12-17 12:55:00
236  20251217  125600  359500.0  359750.0  360000.0  359500.0   239.0  4.836917e+10 2025-12-17 12:56:00
237  20251217  125700  359000.0  359500.0  359500.0  359000.0   235.0  4.845363e+10 2025-12-17 12:57:00
238  20251217  125800  359750.0  359500.0  360000.0  359000.0   554.0  4.865287e+10 2025-12-17 12:58:00
239  20251217  125900  359750.0  360000.0  360000.0  359500.0   103.0  4.868994e+10 2025-12-17 12:59:00
240  20251217  130000  360000.0  359750.0  360000.0  359750.0   192.0  4.875905e+10 2025-12-17 13:00:00
241  20251217  130100  360750.0  360000.0  361000.0  359750.0   265.0  4.885456e+10 2025-12-17 13:01:00
242  20251217  130200  360500.0  360750.0  361000.0  360000.0   613.0  4.907553e+10 2025-12-17 13:02:00
243  20251217  130300  360750.0  360500.0  361000.0  360250.0   292.0  4.918080e+10 2025-12-17 13:03:00
244  20251217  130400  361000.0  361000.0  361000.0  360750.0    78.0  4.920895e+10 2025-12-17 13:04:00
245  20251217  130500  361000.0  360750.0  361000.0  360750.0   492.0  4.938656e+10 2025-12-17 13:05:00
246  20251217  130600  361500.0  361000.0  361500.0  361000.0   100.0  4.942267e+10 2025-12-17 13:06:00
247  20251217  130700  361500.0  361500.0  361500.0  361250.0   225.0  4.950400e+10 2025-12-17 13:07:00
248  20251217  130800  361250.0  361500.0  361500.0  361250.0    84.0  4.953437e+10 2025-12-17 13:08:00
249  20251217  130900  360500.0  361250.0  361500.0  360000.0   796.0  4.982175e+10 2025-12-17 13:09:00
250  20251217  131000  361000.0  360250.0  361000.0  360250.0   215.0  4.989930e+10 2025-12-17 13:10:00
251  20251217  131100  360500.0  360750.0  361000.0  360500.0   210.0  4.997504e+10 2025-12-17 13:11:00
252  20251217  131200  361000.0  360500.0  361000.0  360500.0    55.0  4.999488e+10 2025-12-17 13:12:00
253  20251217  131300  360250.0  361000.0  361000.0  360000.0   576.0  5.020254e+10 2025-12-17 13:13:00
254  20251217  131400  360250.0  360500.0  360500.0  360250.0    68.0  5.022705e+10 2025-12-17 13:14:00
255  20251217  131500  360250.0  360250.0  360500.0  360250.0   126.0  5.027247e+10 2025-12-17 13:15:00
256  20251217  131600  360250.0  360250.0  360500.0  360250.0    66.0  5.029625e+10 2025-12-17 13:16:00
257  20251217  131700  360500.0  360500.0  360500.0  360250.0    47.0  5.031319e+10 2025-12-17 13:17:00
258  20251217  131800  360500.0  360500.0  360500.0  360250.0   172.0  5.037520e+10 2025-12-17 13:18:00
259  20251217  131900  360250.0  360500.0  360500.0  360250.0    45.0  5.039142e+10 2025-12-17 13:19:00
260  20251217  132000  360500.0  360250.0  360500.0  360250.0   225.0  5.047253e+10 2025-12-17 13:20:00
261  20251217  132100  360500.0  360500.0  360500.0  360250.0   192.0  5.054174e+10 2025-12-17 13:21:00
262  20251217  132200  360250.0  360500.0  360500.0  360250.0   111.0  5.058175e+10 2025-12-17 13:22:00
263  20251217  132300  360500.0  360500.0  361000.0  360250.0   614.0  5.080323e+10 2025-12-17 13:23:00
264  20251217  132400  361000.0  360500.0  361000.0  360500.0    84.0  5.083356e+10 2025-12-17 13:24:00
265  20251217  132500  361000.0  360750.0  361000.0  360750.0    57.0  5.085413e+10 2025-12-17 13:25:00
266  20251217  132600  361000.0  361000.0  361000.0  360750.0   141.0  5.090502e+10 2025-12-17 13:26:00
267  20251217  132700  361000.0  361000.0  361000.0  360500.0   361.0  5.103522e+10 2025-12-17 13:27:00
268  20251217  132800  360750.0  361000.0  361000.0  360750.0   134.0  5.108359e+10 2025-12-17 13:28:00
269  20251217  132900  361000.0  361000.0  361000.0  360750.0    67.0  5.110778e+10 2025-12-17 13:29:00
270  20251217  133000  361000.0  360750.0  361000.0  360750.0   225.0  5.118900e+10 2025-12-17 13:30:00
271  20251217  133100  360750.0  360750.0  361000.0  360750.0   210.0  5.126479e+10 2025-12-17 13:31:00
272  20251217  133200  360750.0  361000.0  361000.0  360750.0   228.0  5.134710e+10 2025-12-17 13:32:00
273  20251217  133300  361000.0  361000.0  361000.0  360750.0   138.0  5.139691e+10 2025-12-17 13:33:00
274  20251217  133400  360500.0  360750.0  361000.0  360500.0   157.0  5.145355e+10 2025-12-17 13:34:00
275  20251217  133500  360250.0  360500.0  361000.0  360000.0  1013.0  5.181898e+10 2025-12-17 13:35:00
276  20251217  133600  360500.0  360500.0  360750.0  360000.0   201.0  5.189143e+10 2025-12-17 13:36:00
277  20251217  133700  360000.0  360500.0  361000.0  360000.0    78.0  5.191956e+10 2025-12-17 13:37:00
278  20251217  133800  360500.0  360000.0  360500.0  360000.0   244.0  5.200744e+10 2025-12-17 13:38:00
279  20251217  133900  360000.0  360000.0  360500.0  359500.0   805.0  5.229727e+10 2025-12-17 13:39:00
280  20251217  134000  359750.0  359500.0  360500.0  359500.0   610.0  5.251673e+10 2025-12-17 13:40:00
281  20251217  134100  360500.0  359750.0  360500.0  359500.0   906.0  5.284295e+10 2025-12-17 13:41:00
282  20251217  134200  359500.0  359500.0  361000.0  359500.0   276.0  5.294236e+10 2025-12-17 13:42:00
283  20251217  134300  359500.0  360000.0  360500.0  359500.0   269.0  5.303913e+10 2025-12-17 13:43:00
284  20251217  134400  359500.0  359500.0  360000.0  359000.0   305.0  5.314879e+10 2025-12-17 13:44:00
285  20251217  134500  360250.0  359500.0  361000.0  359500.0   971.0  5.349907e+10 2025-12-17 13:45:00
286  20251217  134600  360500.0  360250.0  360500.0  360250.0   126.0  5.354448e+10 2025-12-17 13:46:00
287  20251217  134700  360750.0  360500.0  360750.0  360000.0   457.0  5.370923e+10 2025-12-17 13:47:00
288  20251217  134800  361000.0  360750.0  361000.0  360750.0   129.0  5.375579e+10 2025-12-17 13:48:00
289  20251217  134900  361000.0  360750.0  361000.0  360000.0  2464.0  5.464416e+10 2025-12-17 13:49:00
290  20251217  135000  360500.0  360750.0  361500.0  360500.0  1230.0  5.508855e+10 2025-12-17 13:50:00
291  20251217  135100  360500.0  361000.0  361000.0  360000.0   291.0  5.519348e+10 2025-12-17 13:51:00
292  20251217  135200  360500.0  360500.0  360500.0  360250.0   268.0  5.529009e+10 2025-12-17 13:52:00
293  20251217  135300  360250.0  360500.0  360500.0  360250.0   100.0  5.532614e+10 2025-12-17 13:53:00
294  20251217  135400  360500.0  360250.0  360500.0  360250.0   137.0  5.537553e+10 2025-12-17 13:54:00
295  20251217  135500  360250.0  360250.0  360500.0  360250.0   117.0  5.541770e+10 2025-12-17 13:55:00
296  20251217  135600  360500.0  360250.0  361000.0  360000.0   559.0  5.561933e+10 2025-12-17 13:56:00
297  20251217  135700  360750.0  360500.0  361000.0  360000.0   220.0  5.569862e+10 2025-12-17 13:57:00
298  20251217  135800  360750.0  361000.0  361000.0  360500.0   379.0  5.583528e+10 2025-12-17 13:58:00
299  20251217  135900  360000.0  360750.0  361000.0  359500.0   616.0  5.605721e+10 2025-12-17 13:59:00
300  20251217  140000  359500.0  359500.0  360500.0  359500.0   812.0  5.634957e+10 2025-12-17 14:00:00
301  20251217  140100  359750.0  359500.0  360000.0  359500.0    72.0  5.637548e+10 2025-12-17 14:01:00
302  20251217  140200  359750.0  359750.0  360000.0  359500.0   365.0  5.650680e+10 2025-12-17 14:02:00
303  20251217  140300  360500.0  360000.0  360500.0  359750.0   244.0  5.659465e+10 2025-12-17 14:03:00
304  20251217  140400  360500.0  360250.0  360750.0  360000.0   621.0  5.681847e+10 2025-12-17 14:04:00
305  20251217  140500  360500.0  360000.0  361000.0  360000.0   435.0  5.697529e+10 2025-12-17 14:05:00
306  20251217  140600  360250.0  360000.0  360500.0  360000.0    72.0  5.700123e+10 2025-12-17 14:06:00
307  20251217  140700  360500.0  360250.0  360500.0  360250.0   222.0  5.708126e+10 2025-12-17 14:07:00
308  20251217  140800  360250.0  360500.0  360500.0  360250.0   200.0  5.715335e+10 2025-12-17 14:08:00
309  20251217  140900  360500.0  360500.0  360500.0  360250.0   179.0  5.721787e+10 2025-12-17 14:09:00
310  20251217  141000  360500.0  360250.0  360500.0  360000.0   240.0  5.730438e+10 2025-12-17 14:10:00
311  20251217  141100  360250.0  360250.0  360750.0  360000.0   205.0  5.737827e+10 2025-12-17 14:11:00
312  20251217  141200  360500.0  360500.0  361000.0  360500.0   432.0  5.753412e+10 2025-12-17 14:12:00
313  20251217  141300  360000.0  360500.0  361000.0  360000.0   517.0  5.772046e+10 2025-12-17 14:13:00
314  20251217  141400  360500.0  360000.0  360500.0  360000.0   116.0  5.776225e+10 2025-12-17 14:14:00
315  20251217  141500  360250.0  360000.0  360500.0  360000.0   210.0  5.783793e+10 2025-12-17 14:15:00
316  20251217  141600  360250.0  360250.0  360500.0  360000.0    45.0  5.785414e+10 2025-12-17 14:16:00
317  20251217  141700  360000.0  360250.0  360500.0  360000.0  1448.0  5.837546e+10 2025-12-17 14:17:00
318  20251217  141800  360000.0  360250.0  360500.0  360000.0   232.0  5.845904e+10 2025-12-17 14:18:00
319  20251217  141900  360000.0  360000.0  360500.0  360000.0   113.0  5.849974e+10 2025-12-17 14:19:00
320  20251217  142000  360000.0  360000.0  360500.0  360000.0   320.0  5.861503e+10 2025-12-17 14:20:00
321  20251217  142100  360250.0  360000.0  360500.0  360000.0   529.0  5.880548e+10 2025-12-17 14:21:00
322  20251217  142200  360000.0  360250.0  360500.0  360000.0   200.0  5.887752e+10 2025-12-17 14:22:00
323  20251217  142300  360000.0  360000.0  360500.0  360000.0   659.0  5.911496e+10 2025-12-17 14:23:00
324  20251217  142400  360250.0  360000.0  360500.0  360000.0   114.0  5.915602e+10 2025-12-17 14:24:00
325  20251217  142500  360250.0  360250.0  360500.0  360000.0   617.0  5.937842e+10 2025-12-17 14:25:00
326  20251217  142600  360250.0  360500.0  360500.0  360000.0   183.0  5.944438e+10 2025-12-17 14:26:00
327  20251217  142700  360500.0  360250.0  360500.0  360000.0   340.0  5.956693e+10 2025-12-17 14:27:00
328  20251217  142800  360500.0  360000.0  360750.0  360000.0   670.0  5.980839e+10 2025-12-17 14:28:00
329  20251217  142900  360000.0  360000.0  360500.0  360000.0   268.0  5.990496e+10 2025-12-17 14:29:00
330  20251217  143000  359750.0  360000.0  360500.0  359500.0  1354.0  6.039233e+10 2025-12-17 14:30:00
331  20251217  143100  359500.0  359750.0  360000.0  359500.0   574.0  6.059894e+10 2025-12-17 14:31:00
332  20251217  143200  359500.0  359500.0  360000.0  359500.0   223.0  6.067914e+10 2025-12-17 14:32:00
333  20251217  143300  360000.0  360000.0  360000.0  359500.0   278.0  6.077920e+10 2025-12-17 14:33:00
334  20251217  143400  360000.0  360000.0  360000.0  359500.0   156.0  6.083535e+10 2025-12-17 14:34:00
335  20251217  143500  359750.0  359750.0  360000.0  359750.0   106.0  6.087350e+10 2025-12-17 14:35:00
336  20251217  143600  360000.0  360000.0  360500.0  359750.0   308.0  6.098439e+10 2025-12-17 14:36:00
337  20251217  143700  360000.0  360000.0  360500.0  360000.0   286.0  6.108745e+10 2025-12-17 14:37:00
338  20251217  143800  360500.0  360000.0  360500.0  360000.0   364.0  6.121863e+10 2025-12-17 14:38:00
339  20251217  143900  361000.0  360500.0  361000.0  360000.0   496.0  6.139746e+10 2025-12-17 14:39:00
340  20251217  144000  360500.0  360750.0  361000.0  360500.0   197.0  6.146856e+10 2025-12-17 14:40:00
341  20251217  144100  361250.0  360500.0  361500.0  360500.0  1259.0  6.192308e+10 2025-12-17 14:41:00
342  20251217  144200  361500.0  361250.0  361500.0  361000.0   336.0  6.204450e+10 2025-12-17 14:42:00
343  20251217  144300  361250.0  361500.0  361500.0  361250.0   238.0  6.213053e+10 2025-12-17 14:43:00
344  20251217  144400  361500.0  361250.0  361750.0  361000.0   463.0  6.229789e+10 2025-12-17 14:44:00
345  20251217  144500  361500.0  361250.0  362000.0  361000.0   328.0  6.241646e+10 2025-12-17 14:45:00
346  20251217  144600  361000.0  361500.0  362000.0  361000.0   544.0  6.261314e+10 2025-12-17 14:46:00
347  20251217  144700  361250.0  361000.0  362000.0  361000.0   413.0  6.276242e+10 2025-12-17 14:47:00
348  20251217  144800  361250.0  361500.0  361500.0  361000.0   257.0  6.285531e+10 2025-12-17 14:48:00
349  20251217  144900  362000.0  361250.0  362000.0  361000.0   283.0  6.295763e+10 2025-12-17 14:49:00
350  20251217  145000  361000.0  361000.0  362000.0  361000.0   274.0  6.305673e+10 2025-12-17 14:50:00
351  20251217  145100  361500.0  361500.0  361500.0  361000.0   578.0  6.326565e+10 2025-12-17 14:51:00
352  20251217  145200  361500.0  361250.0  362000.0  361000.0   654.0  6.350210e+10 2025-12-17 14:52:00
353  20251217  145300  361500.0  361500.0  362000.0  361000.0  2820.0  6.452136e+10 2025-12-17 14:53:00
354  20251217  145400  361500.0  361500.0  362000.0  361000.0   317.0  6.463593e+10 2025-12-17 14:54:00
355  20251217  145500  361750.0  361000.0  362000.0  361000.0   216.0  6.471402e+10 2025-12-17 14:55:00
356  20251217  145600  362000.0  361750.0  362000.0  361000.0   431.0  6.486983e+10 2025-12-17 14:56:00
357  20251217  145700  361750.0  361500.0  362000.0  361500.0   500.0  6.505069e+10 2025-12-17 14:57:00
358  20251217  145800  361500.0  361750.0  362000.0  361500.0  2460.0  6.594103e+10 2025-12-17 14:58:00
359  20251217  145900  362500.0  361500.0  362500.0  361500.0   395.0  6.608401e+10 2025-12-17 14:59:00
360  20251217  150000  361500.0  362000.0  362500.0  361500.0   419.0  6.623557e+10 2025-12-17 15:00:00
361  20251217  150100  361500.0  362000.0  362000.0  361500.0   404.0  6.638170e+10 2025-12-17 15:01:00
362  20251217  150200  361750.0  361500.0  362000.0  361500.0   632.0  6.661041e+10 2025-12-17 15:02:00
363  20251217  150300  361000.0  362000.0  362000.0  361000.0  1560.0  6.717433e+10 2025-12-17 15:03:00
364  20251217  150400  361500.0  361500.0  362000.0  361500.0   616.0  6.739719e+10 2025-12-17 15:04:00
365  20251217  150500  362000.0  362000.0  362500.0  361500.0   505.0  6.757995e+10 2025-12-17 15:05:00
366  20251217  150600  361000.0  361500.0  362000.0  361000.0  1238.0  6.802753e+10 2025-12-17 15:06:00
367  20251217  150700  361500.0  361000.0  362000.0  361000.0   466.0  6.819606e+10 2025-12-17 15:07:00
368  20251217  150800  362000.0  361500.0  362000.0  361500.0   446.0  6.835735e+10 2025-12-17 15:08:00
369  20251217  150900  362000.0  362000.0  362500.0  361500.0   462.0  6.852453e+10 2025-12-17 15:09:00
370  20251217  151000  362000.0  362000.0  362500.0  362000.0   437.0  6.868284e+10 2025-12-17 15:10:00
371  20251217  151100  362250.0  362000.0  363000.0  362000.0  1478.0  6.921846e+10 2025-12-17 15:11:00
372  20251217  151200  361500.0  362250.0  362500.0  361500.0  1181.0  6.964602e+10 2025-12-17 15:12:00
373  20251217  151300  362000.0  361500.0  362000.0  361500.0   309.0  6.975781e+10 2025-12-17 15:13:00
374  20251217  151400  362500.0  361500.0  362500.0  361500.0   512.0  6.994307e+10 2025-12-17 15:14:00
375  20251217  151500  361750.0  361500.0  362500.0  361500.0   594.0  7.015790e+10 2025-12-17 15:15:00
376  20251217  151600  361500.0  361750.0  362000.0  361500.0   431.0  7.031380e+10 2025-12-17 15:16:00
377  20251217  151700  361500.0  362000.0  362500.0  361500.0   612.0  7.053527e+10 2025-12-17 15:17:00
378  20251217  151800  362000.0  361500.0  362000.0  361500.0   399.0  7.067961e+10 2025-12-17 15:18:00
379  20251217  151900  362000.0  362000.0  362000.0  362000.0     0.0  7.067961e+10 2025-12-17 15:19:00
380  20251217  152000  362000.0  362000.0  362000.0  362000.0     0.0  7.067961e+10 2025-12-17 15:20:00
381  20251217  152100  362000.0  362000.0  362000.0  362000.0     0.0  7.067961e+10 2025-12-17 15:21:00
382  20251217  152200  362000.0  362000.0  362000.0  362000.0     0.0  7.067961e+10 2025-12-17 15:22:00
383  20251217  152300  362000.0  362000.0  362000.0  362000.0     0.0  7.067961e+10 2025-12-17 15:23:00
384  20251217  152400  362000.0  362000.0  362000.0  362000.0     0.0  7.067961e+10 2025-12-17 15:24:00
385  20251217  152500  362000.0  362000.0  362000.0  362000.0     0.0  7.067961e+10 2025-12-17 15:25:00
386  20251217  152600  362000.0  362000.0  362000.0  362000.0     0.0  7.067961e+10 2025-12-17 15:26:00
387  20251217  152700  362000.0  362000.0  362000.0  362000.0     0.0  7.067961e+10 2025-12-17 15:27:00
388  20251217  152800  362000.0  362000.0  362000.0  362000.0     0.0  7.067961e+10 2025-12-17 15:28:00

